0 24 76
1 80 20
0 55 45
0 24 76
0 37 63
0 41 59
1 68 32
1 83 17
0 73 27
0 56 44
1 56 44
0 33 67
0 28 72
0 77 23
1 70 30
1 79 21
0 24 76
0 29 71
0 34 66
0 61 39
0 52 48
1 53 47
1 64 36
0 58 42
1 53 47
1 60 40
0 14 86
0 35 65
1 83 17
1 87 13
0 32 68
0 61 39
0 50 50
1 83 17
0 38 62
1 39 61
0 20 80
1 58 42
0 76 24
0 53 47
0 76 24
0 30 70
0 62 38
0 71 29
1 72 28
1 48 52
0 35 65
0 31 69
1 42 58
0 50 50
1 47 53
0 72 28
0 32 68
0 65 35
0 39 61
0 37 63
0 50 50
1 26 74
1 66 34
1 82 18
1 52 48
0 59 41
0 73 27
0 23 77
1 38 62
1 46 54
0 33 67
1 57 43
1 66 34
1 69 31
0 19 81
1 61 39
0 34 66
1 52 48
1 72 28
1 44 56
1 77 23
0 34 66
0 37 63
1 72 28
1 88 12
1 77 23
1 64 36
0 69 31
0 79 21
1 81 19
1 73 27
0 66 34
1 41 59
1 85 15
1 43 57
1 68 32
1 76 24
1 10 90
0 38 62
1 65 35
1 76 24
0 57 43
1 35 65
1 65 35
1 36 64
1 61 39
0 35 65
0 34 66
0 31 69
1 53 47
1 64 36
1 35 65
0 63 37
0 82 18
1 74 26
0 58 42
0 34 66
0 83 17
1 75 25
1 60 40
1 60 40
1 57 43
1 44 56
1 51 49
1 67 33
1 24 76
1 90 10
1 60 40
1 68 32
0 44 56
1 39 61
1 65 35
0 49 51
0 81 19
0 50 50
0 23 77
1 86 14
0 55 45
1 60 40
0 33 67
1 73 27
1 45 55
1 83 17
0 37 63
0 55 45
1 53 47
1 59 41
1 33 67
1 61 39
0 70 30
0 38 62
1 49 51
0 39 61
0 64 36
1 47 53
0 21 79
1 74 26
1 77 23
0 53 47
1 86 14
1 58 42
1 64 36
1 20 80
0 34 66
0 38 62
1 80 20
1 56 44
0 23 77
1 76 24
1 94 6
1 41 59
0 12 88
1 54 46
1 71 29
1 24 76
0 38 62
0 31 69
1 69 31
1 60 40
1 75 25
1 70 30
0 47 53
1 50 50
0 70 30
1 36 64
1 61 39
1 40 60
1 75 25
0 37 63
1 34 66
0 57 43
1 50 50
0 40 60
1 43 57
0 65 35
1 66 34
0 70 30
0 30 70
1 53 47
1 80 20
0 38 62
1 63 37
1 73 27
0 35 65
0 37 63
1 69 31
0 73 27
1 66 34
0 55 45
1 28 72
0 38 62
0 58 42
0 18 82
1 81 19
0 36 64
1 69 31
0 32 68
0 67 33
1 31 69
1 84 16
0 77 23
1 29 71
0 44 56
1 40 60
0 65 35
1 71 29
1 66 34
0 54 46
0 84 16
0 56 44
0 14 86
1 65 35
1 54 46
1 80 20
0 11 89
1 73 27
1 43 57
1 78 22
1 91 9
1 62 38
1 77 23
0 53 47
0 23 77
1 70 30
0 69 31
0 45 55
0 76 24
0 76 24
0 55 45
1 69 31
1 40 60
1 57 43
1 77 23
0 59 41
1 91 9
0 62 38
0 39 61
1 68 32
1 88 12
0 59 41
1 84 16
1 70 30
1 78 22
1 63 37
0 47 53
1 88 12
0 43 57
1 63 37
1 81 19
0 72 28
0 32 68
1 63 37
0 22 78
1 69 31
1 62 38
1 50 50
0 68 32
1 70 30
1 74 26
0 55 45
1 75 25
1 76 24
1 59 41
1 64 36
1 53 47
0 55 45
1 88 12
1 68 32
0 28 72
0 69 31
1 56 44
1 68 32
1 42 58
1 66 34
0 50 50
1 64 36
1 64 36
1 47 53
1 38 62
1 9 91
0 26 74
1 94 6
0 35 65
1 55 45
1 32 68
1 57 43
1 35 65
1 54 46
1 75 25
0 72 28
0 50 50
0 16 84
1 59 41
1 75 25
1 91 9
0 70 30
0 39 61
0 22 78
1 39 61
0 85 15
1 75 25
1 89 11
1 35 65
1 85 15
1 47 53
1 70 30
0 40 60
1 57 43
0 56 44
1 74 26
1 25 75
1 95 5
1 30 70
0 11 89
0 67 33
0 23 77
0 55 45
1 88 12
0 65 35
0 12 88
1 72 28
0 25 75
1 62 38
0 51 49
0 24 76
1 88 12
0 22 78
1 68 32
1 68 32
0 58 42
1 83 17
1 57 43
1 73 27
0 40 60
1 62 38
1 40 60
1 82 18
1 54 46
0 42 58
1 81 19
0 35 65
1 31 69
0 84 16
1 37 63
1 52 48
1 66 34
1 51 49
1 29 71
0 50 50
0 9 91
1 92 8
1 62 38
1 74 26
1 55 45
1 66 34
0 43 57
0 17 83
0 31 69
1 34 66
0 37 63
1 73 27
1 48 52
1 91 9
1 78 22
1 64 36
0 56 44
0 32 68
1 70 30
0 30 70
0 21 79
1 47 53
0 50 50
0 30 70
0 66 34
1 70 30
0 44 56
1 58 42
0 66 34
1 28 72
0 71 29
1 81 19
0 65 35
0 45 55
0 30 70
0 37 63
1 54 46
0 47 53
1 43 57
1 44 56
0 75 25
0 37 63
0 52 48
1 76 24
0 9 91
0 35 65
1 78 22
1 74 26
1 52 48
0 62 38
0 41 59
0 48 52
0 29 71
0 72 28
0 33 67
0 65 35
1 23 77
0 64 36
0 64 36
0 43 57
0 51 49
0 63 37
1 46 54
1 82 18
0 27 73
1 55 45
1 77 23
1 75 25
0 53 47
0 25 75
1 75 25
1 23 77
0 26 74
1 83 17
0 35 65
0 48 52
0 48 52
1 19 81
0 32 68
0 54 46
0 11 89
0 20 80
1 79 21
0 41 59
0 56 44
1 60 40
1 65 35
0 19 81
0 88 12
0 28 72
0 48 52
0 73 27
0 24 76
0 69 31
0 39 61
1 87 13
1 79 21
1 71 29
0 37 63
0 43 57
1 45 55
1 75 25
1 85 15
0 73 27
0 24 76
1 94 6
0 73 27
0 63 37
1 74 26
1 71 29
1 75 25
1 88 12
0 65 35
0 26 74
0 63 37
0 31 69
1 75 25
0 60 40
1 34 66
0 74 26
1 64 36
1 69 31
0 49 51
1 89 11
0 56 44
0 65 35
1 20 80
1 82 18
1 65 35
0 23 77
1 64 36
1 73 27
1 52 48
1 33 67
0 82 18
0 48 52
1 73 27
0 38 62
1 64 36
0 30 70
0 43 57
1 41 59
1 72 28
0 26 74
0 34 66
1 82 18
1 77 23
1 81 19
0 58 42
0 72 28
1 23 77
1 70 30
1 62 38
0 28 72
0 57 43
0 25 75
1 58 42
1 24 76
0 68 32
0 75 25
0 51 49
1 75 25
1 68 32
0 28 72
1 67 33
0 58 42
0 62 38
1 36 64
1 30 70
0 5 95
0 15 85
1 85 15
1 51 49
1 87 13
0 10 90
1 62 38
0 63 37
0 43 57
1 62 38
1 90 10
0 74 26
0 69 31
0 11 89
0 79 21
0 27 73
0 15 85
0 20 80
0 40 60
1 72 28
1 60 40
0 62 38
0 68 32
1 38 62
0 75 25
1 47 53
0 42 58
1 81 19
0 70 30
0 66 34
1 72 28
1 89 11
0 65 35
1 56 44
0 41 59
0 58 42
1 70 30
1 72 28
1 52 48
0 62 38
0 14 86
0 16 84
1 66 34
0 23 77
1 90 10
1 83 17
0 45 55
1 84 16
1 22 78
0 11 89
1 75 25
1 77 23
0 19 81
1 87 13
1 65 35
1 60 40
1 64 36
0 34 66
0 21 79
1 85 15
1 64 36
0 33 67
0 32 68
1 28 72
1 70 30
0 78 22
0 32 68
1 69 31
1 84 16
1 37 63
0 61 39
1 69 31
1 15 85
0 61 39
1 82 18
1 55 45
1 95 5
1 67 33
1 55 45
1 88 12
1 74 26
1 83 17
0 31 69
1 78 22
1 63 37
1 69 31
1 56 44
0 26 74
0 84 16
0 16 84
1 75 25
1 33 67
0 19 81
0 16 84
1 91 9
1 83 17
0 92 8
0 37 63
0 37 63
1 61 39
0 80 20
1 66 34
0 50 50
1 51 49
1 86 14
1 51 49
1 65 35
0 23 77
0 77 23
1 72 28
0 27 73
0 33 67
1 62 38
0 65 35
1 41 59
1 85 15
1 84 16
1 91 9
1 64 36
0 25 75
1 91 9
1 70 30
1 28 72
1 68 32
1 86 14
1 31 69
0 75 25
0 92 8
0 24 76
1 38 62
0 41 59
1 97 3
1 59 41
0 29 71
1 46 54
1 42 58
1 91 9
1 90 10
1 65 35
1 96 4
0 20 80
0 51 49
1 56 44
1 87 13
0 33 67
0 15 85
0 71 29
1 29 71
1 21 79
0 39 61
1 69 31
0 36 64
1 89 11
0 15 85
1 40 60
1 90 10
1 35 65
1 38 62
0 41 59
1 19 81
1 83 17
1 93 7
1 79 21
1 79 21
1 66 34
0 22 78
0 78 22
1 79 21
0 26 74
0 19 81
1 70 30
0 51 49
1 64 36
0 61 39
1 51 49
0 27 73
0 33 67
1 84 16
0 23 77
1 28 72
0 27 73
1 83 17
1 53 47
0 90 10
0 22 78
1 65 35
0 30 70
1 66 34
0 36 64
1 26 74
1 71 29
1 86 14
0 35 65
0 20 80
1 81 19
1 13 87
0 20 80
0 23 77
1 67 33
1 84 16
1 42 58
0 41 59
0 29 71
0 25 75
1 78 22
1 72 28
1 85 15
0 17 83
0 9 91
0 62 38
1 88 12
1 84 16
0 14 86
0 82 18
0 48 52
0 70 30
1 95 5
0 79 21
1 83 17
1 70 30
0 68 32
0 44 56
0 25 75
1 78 22
1 78 22
1 57 43
0 24 76
1 23 77
1 55 45
1 31 69
0 70 30
0 28 72
1 80 20
0 34 66
0 36 64
1 80 20
1 48 52
0 28 72
0 12 88
1 25 75
1 70 30
1 48 52
1 63 37
0 21 79
0 47 53
1 71 29
0 72 28
0 40 60
1 89 11
1 93 7
0 18 82
1 33 67
0 31 69
0 14 86
0 17 83
1 39 61
1 71 29
1 73 27
1 36 64
0 28 72
0 54 46
1 67 33
1 76 24
0 6 94
1 64 36
0 46 54
0 12 88
0 93 7
0 33 67
0 6 94
1 30 70
1 56 44
0 34 66
0 64 36
1 55 45
0 41 59
1 27 73
1 45 55
1 93 7
0 28 72
1 80 20
1 61 39
0 33 67
0 30 70
1 75 25
0 14 86
1 82 18
0 9 91
1 50 50
0 35 65
1 70 30
0 23 77
1 62 38
1 77 23
1 75 25
0 33 67
0 28 72
0 33 67
1 62 38
1 38 62
0 65 35
0 35 65
0 45 55
0 56 44
1 61 39
1 29 71
0 76 24
1 71 29
1 67 33
1 66 34
1 76 24
1 82 18
1 59 41
1 55 45
0 69 31
1 60 40
1 89 11
0 28 72
0 67 33
0 49 51
1 83 17
0 34 66
0 31 69
0 31 69
1 63 37
1 63 37
0 30 70
0 50 50
1 81 19
1 74 26
1 27 73
1 77 23
0 26 74
0 56 44
0 30 70
0 84 16
1 71 29
0 75 25
1 81 19
1 30 70
0 29 71
1 66 34
0 9 91
1 80 20
1 25 75
1 68 32
1 62 38
0 20 80
0 57 43
1 80 20
0 60 40
0 77 23
1 38 62
1 52 48
1 60 40
1 33 67
1 80 20
0 5 95
1 74 26
1 96 4
0 26 74
0 34 66
0 53 47
0 39 61
1 94 6
0 40 60
1 76 24
0 69 31
1 87 13
1 49 51
1 80 20
1 32 68
1 72 28
0 36 64
1 56 44
1 40 60
1 51 49
0 40 60
1 42 58
1 65 35
1 64 36
0 37 63
0 20 80
1 63 37
0 48 52
1 55 45
0 40 60
1 54 46
1 67 33
1 39 61
1 37 63
1 49 51
1 62 38
0 56 44
0 69 31
0 43 57
1 64 36
0 70 30
0 69 31
1 57 43
0 62 38
1 43 57
0 19 81
1 60 40
0 22 78
0 70 30
1 34 66
0 66 34
0 62 38
0 77 23
0 79 21
0 81 19
0 26 74
1 91 9
1 62 38
1 70 30
0 36 64
1 66 34
0 30 70
1 90 10
0 68 32
1 81 19
1 70 30
0 33 67
1 40 60
0 78 22
0 23 77
0 26 74
1 32 68
1 70 30
1 75 25
1 14 86
0 12 88
1 83 17
1 85 15
1 88 12
0 15 85
0 22 78
0 30 70
0 64 36
1 70 30
0 43 57
0 38 62
1 38 62
0 33 67
0 16 84
0 46 54
0 33 67
1 61 39
1 59 41
1 63 37
1 77 23
1 86 14
1 54 46
0 36 64
1 65 35
0 46 54
0 39 61
0 68 32
1 73 27
1 58 42
1 81 19
0 73 27
1 52 48
1 52 48
1 59 41
0 38 62
1 58 42
1 77 23
0 76 24
0 52 48
1 34 66
0 32 68
1 96 4
1 74 26
1 92 8
0 38 62
0 26 74
1 46 54
0 70 30
1 56 44
0 66 34
0 22 78
0 69 31
1 25 75
0 16 84
0 44 56
1 76 24
1 84 16
0 46 54
1 64 36
1 87 13
1 85 15
1 31 69
1 56 44
1 75 25
0 29 71
0 16 84
1 32 68
0 31 69
0 17 83
1 82 18
1 79 21
0 84 16
0 17 83
0 12 88
1 84 16
1 69 31
1 70 30
1 48 52
1 66 34
1 34 66
1 65 35
1 86 14
1 94 6
1 95 5
1 37 63
0 34 66
1 81 19
0 18 82
0 19 81
0 6 94
0 35 65
0 5 95
1 96 4
1 80 20
1 93 7
0 29 71
1 72 28
1 85 15
1 80 20
1 35 65
0 23 77
1 72 28
1 64 36
0 50 50
0 38 62
0 21 79
1 94 6
1 67 33
1 80 20
1 65 35
0 11 89
0 73 27
1 63 37
0 63 37
1 68 32
1 73 27
1 83 17
1 46 54
0 32 68
0 50 50
0 63 37
1 88 12
0 81 19
1 21 79
0 70 30
0 26 74
0 59 41
0 48 52
0 75 25
1 42 58
1 54 46
0 37 63
0 23 77
0 5 95
1 43 57
1 53 47
1 82 18
0 42 58
1 72 28
0 26 74
0 83 17
0 71 29
0 38 62
1 75 25
0 28 72
1 73 27
1 90 10
0 16 84
0 7 93
0 64 36
0 36 64
1 67 33
0 43 57
0 60 40
0 13 87
1 88 12
0 56 44
0 35 65
1 64 36
1 85 15
0 46 54
0 58 42
1 67 33
1 67 33
0 19 81
1 78 22
0 52 48
0 57 43
0 37 63
1 69 31
0 29 71
0 73 27
0 65 35
1 60 40
1 59 41
0 29 71
0 45 55
0 55 45
1 85 15
0 77 23
1 44 56
1 66 34
1 75 25
1 73 27
1 65 35
1 71 29
1 30 70
1 27 73
1 26 74
0 37 63
1 86 14
1 42 58
1 67 33
0 52 48
1 66 34
1 40 60
0 66 34
0 73 27
0 32 68
1 62 38
1 60 40
0 32 68
1 66 34
0 56 44
1 63 37
1 50 50
0 32 68
1 60 40
0 35 65
0 35 65
1 59 41
1 81 19
1 73 27
0 31 69
0 68 32
1 45 55
0 40 60
1 23 77
1 63 37
1 85 15
0 59 41
0 25 75
0 38 62
0 54 46
0 34 66
1 79 21
0 51 49
0 44 56
0 46 54
1 70 30
1 18 82
0 89 11
0 27 73
1 51 49
0 28 72
0 54 46
1 52 48
0 71 29
1 36 64
1 61 39
1 66 34
1 43 57
0 58 42
1 76 24
1 79 21
1 58 42
0 18 82
1 41 59
1 60 40
1 60 40
1 77 23
1 55 45
0 28 72
1 62 38
1 40 60
0 39 61
1 45 55
0 18 82
1 82 18
1 44 56
1 25 75
0 25 75
0 67 33
1 73 27
1 25 75
1 63 37
0 24 76
0 48 52
0 40 60
1 38 62
0 37 63
0 16 84
0 67 33
0 36 64
0 72 28
1 82 18
0 33 67
1 72 28
1 79 21
0 63 37
1 72 28
1 82 18
1 68 32
0 55 45
1 25 75
1 69 31
0 66 34
1 77 23
1 69 31
0 52 48
1 58 42
1 63 37
1 28 72
0 23 77
0 31 69
1 26 74
0 37 63
0 67 33
0 16 84
1 18 82
1 67 33
1 73 27
1 55 45
1 61 39
1 61 39
1 44 56
1 37 63
0 26 74
0 27 73
1 75 25
0 51 49
1 83 17
1 92 8
1 81 19
1 51 49
1 96 4
0 62 38
0 73 27
0 37 63
0 19 81
0 28 72
1 73 27
1 86 14
1 34 66
1 65 35
1 61 39
0 48 52
0 78 22
1 72 28
0 17 83
0 16 84
1 66 34
0 36 64
1 56 44
1 47 53
0 69 31
0 23 77
0 23 77
1 20 80
0 17 83
1 31 69
1 76 24
0 58 42
0 16 84
0 85 15
0 29 71
1 66 34
1 33 67
0 45 55
0 60 40
1 81 19
0 28 72
0 54 46
1 34 66
0 58 42
1 63 37
1 29 71
0 54 46
0 82 18
1 56 44
1 24 76
0 85 15
0 29 71
0 61 39
0 45 55
1 75 25
0 23 77
0 42 58
0 22 78
1 35 65
0 22 78
0 33 67
1 91 9
1 64 36
0 72 28
0 41 59
0 26 74
0 46 54
0 48 52
1 80 20
1 84 16
1 75 25
0 85 15
1 32 68
1 64 36
1 73 27
0 28 72
1 75 25
0 10 90
1 62 38
0 23 77
0 35 65
0 32 68
1 93 7
0 46 54
0 35 65
1 44 56
0 24 76
0 43 57
1 90 10
1 89 11
0 34 66
1 86 14
1 82 18
1 85 15
1 39 61
1 89 11
0 89 11
1 73 27
0 26 74
1 79 21
1 63 37
1 52 48
0 54 46
0 21 79
0 38 62
0 25 75
1 91 9
0 47 53
0 62 38
1 27 73
1 40 60
0 32 68
0 77 23
1 58 42
1 46 54
1 39 61
0 20 80
0 67 33
0 30 70
1 67 33
1 68 32
0 80 20
0 26 74
1 62 38
1 67 33
1 57 43
1 75 25
1 12 88
0 21 79
1 79 21
0 51 49
0 46 54
0 53 47
1 56 44
0 37 63
1 82 18
1 47 53
0 84 16
0 36 64
1 78 22
1 84 16
1 85 15
0 53 47
1 82 18
0 38 62
0 64 36
1 43 57
0 36 64
0 71 29
0 21 79
1 85 15
1 70 30
0 67 33
0 24 76
1 83 17
1 65 35
0 34 66
0 20 80
0 70 30
1 81 19
1 79 21
0 72 28
1 81 19
1 90 10
1 83 17
0 16 84
0 71 29
0 27 73
1 37 63
1 70 30
0 15 85
1 85 15
0 16 84
0 76 24
1 29 71
1 87 13
1 81 19
0 11 89
0 42 58
1 83 17
0 35 65
1 70 30
1 62 38
1 88 12
1 75 25
0 61 39
1 75 25
0 26 74
1 97 3
1 36 64
1 85 15
1 60 40
1 66 34
0 75 25
0 25 75
1 64 36
1 62 38
0 27 73
1 72 28
1 90 10
0 26 74
1 82 18
0 17 83
0 65 35
1 76 24
1 68 32
0 36 64
1 67 33
1 28 72
0 37 63
1 89 11
0 91 9
1 81 19
1 51 49
1 86 14
1 69 31
1 56 44
1 46 54
1 46 54
1 53 47
1 91 9
0 16 84
1 79 21
1 76 24
1 87 13
0 63 37
1 73 27
1 70 30
0 30 70
0 55 45
0 46 54
0 66 34
1 39 61
1 57 43
1 39 61
0 37 63
1 36 64
1 91 9
0 13 87
0 75 25
1 79 21
0 41 59
1 47 53
1 84 16
0 62 38
1 95 5
1 89 11
1 73 27
1 40 60
1 32 68
0 30 70
0 4 96
1 31 69
0 45 55
1 74 26
0 38 62
1 81 19
1 58 42
0 60 40
0 24 76
0 54 46
1 79 21
0 70 30
0 10 90
0 47 53
0 58 42
1 46 54
1 62 38
0 64 36
0 42 58
0 9 91
1 33 67
0 46 54
1 95 5
0 8 92
1 34 66
1 87 13
1 89 11
1 93 7
1 77 23
0 35 65
0 49 51
0 19 81
0 56 44
0 45 55
0 37 63
0 5 95
1 90 10
0 9 91
0 67 33
1 91 9
1 90 10
0 44 56
1 61 39
0 25 75
1 79 21
1 82 18
0 15 85
1 86 14
0 17 83
1 34 66
0 13 87
1 52 48
1 95 5
1 70 30
1 71 29
1 86 14
1 69 31
1 39 61
1 51 49
0 25 75
0 31 69
1 71 29
1 79 21
1 71 29
0 32 68
1 91 9
0 66 34
0 4 96
1 50 50
0 22 78
1 90 10
0 22 78
1 92 8
1 43 57
1 73 27
0 19 81
1 63 37
1 14 86
1 87 13
1 53 47
1 94 6
1 60 40
0 6 94
1 34 66
1 93 7
1 47 53
1 50 50
0 38 62
1 69 31
0 31 69
1 88 12
0 31 69
0 9 91
1 81 19
1 95 5
0 41 59
1 91 9
0 74 26
1 43 57
0 59 41
1 95 5
1 47 53
1 72 28
0 21 79
1 39 61
1 96 4
1 94 6
0 54 46
1 75 25
1 33 67
0 23 77
1 58 42
0 8 92
1 88 12
1 91 9
1 58 42
0 35 65
1 41 59
1 68 32
0 21 79
1 40 60
1 25 75
1 56 44
1 79 21
1 56 44
1 61 39
0 63 37
1 45 55
0 36 64
1 51 49
0 64 36
0 21 79
0 5 95
0 42 58
0 29 71
1 43 57
0 61 39
1 59 41
1 36 64
0 40 60
1 65 35
1 86 14
1 47 53
0 11 89
1 89 11
0 26 74
1 83 17
1 90 10
0 41 59
0 23 77
1 48 52
1 51 49
0 68 32
1 23 77
1 75 25
1 63 37
0 66 34
1 82 18
0 57 43
0 26 74
1 73 27
1 73 27
1 64 36
1 55 45
0 49 51
0 40 60
1 73 27
1 72 28
0 65 35
1 59 41
1 61 39
1 63 37
0 66 34
1 43 57
1 80 20
1 41 59
0 45 55
0 67 33
0 23 77
1 57 43
0 57 43
1 53 47
1 36 64
0 50 50
1 61 39
1 50 50
1 68 32
1 57 43
0 61 39
1 48 52
0 38 62
0 45 55
1 94 6
1 59 41
0 21 79
0 60 40
0 53 47
1 68 32
1 77 23
0 64 36
0 66 34
1 85 15
0 22 78
1 24 76
1 68 32
0 61 39
0 46 54
0 50 50
1 70 30
0 22 78
1 67 33
1 62 38
0 63 37
1 76 24
0 39 61
1 87 13
1 84 16
1 74 26
0 63 37
0 46 54
0 23 77
1 84 16
0 29 71
0 67 33
0 72 28
0 63 37
1 28 72
1 63 37
0 92 8
0 71 29
0 36 64
0 67 33
0 65 35
0 32 68
1 81 19
1 93 7
0 5 95
1 68 32
0 13 87
0 21 79
1 41 59
1 44 56
0 51 49
0 17 83
1 64 36
0 35 65
0 38 62
1 61 39
1 38 62
1 75 25
1 43 57
0 31 69
0 26 74
0 58 42
1 74 26
0 57 43
0 72 28
0 32 68
1 17 83
1 93 7
1 72 28
1 45 55
0 60 40
1 61 39
0 39 61
1 42 58
0 68 32
1 56 44
1 38 62
1 48 52
1 67 33
1 93 7
1 77 23
0 66 34
1 68 32
0 39 61
1 50 50
1 58 42
0 88 12
1 66 34
0 55 45
1 46 54
0 56 44
0 52 48
1 90 10
0 25 75
1 87 13
0 86 14
0 73 27
1 71 29
0 68 32
0 36 64
1 69 31
1 73 27
0 9 91
0 63 37
0 9 91
0 63 37
1 68 32
0 48 52
0 72 28
1 39 61
0 10 90
1 82 18
1 46 54
1 67 33
1 36 64
1 79 21
0 27 73
1 65 35
1 58 42
0 22 78
0 24 76
1 71 29
0 57 43
1 94 6
0 35 65
1 46 54
0 59 41
1 74 26
1 34 66
1 87 13
1 80 20
1 78 22
1 68 32
0 82 18
0 18 82
1 92 8
0 69 31
1 79 21
0 41 59
1 62 38
1 88 12
1 60 40
1 33 67
1 77 23
0 39 61
0 28 72
1 67 33
1 51 49
0 19 81
1 70 30
1 69 31
1 52 48
0 85 15
1 66 34
1 38 62
0 50 50
1 79 21
0 84 16
0 69 31
1 86 14
1 94 6
0 16 84
0 68 32
1 89 11
1 50 50
0 15 85
0 38 62
1 93 7
0 72 28
1 70 30
0 10 90
0 17 83
1 67 33
0 18 82
0 7 93
0 64 36
0 17 83
1 44 56
1 41 59
1 78 22
1 89 11
0 23 77
1 37 63
1 92 8
1 95 5
0 29 71
0 82 18
1 62 38
0 7 93
0 6 94
0 12 88
0 63 37
0 33 67
1 79 21
1 37 63
0 34 66
1 76 24
0 24 76
1 57 43
0 18 82
1 84 16
1 48 52
0 17 83
0 43 57
0 20 80
1 71 29
0 28 72
1 77 23
0 16 84
1 38 62
1 26 74
1 58 42
0 27 73
1 72 28
1 77 23
0 34 66
0 71 29
0 36 64
1 71 29
1 82 18
1 71 29
1 77 23
1 65 35
0 38 62
0 73 27
0 26 74
1 74 26
0 87 13
1 63 37
1 28 72
0 76 24
0 42 58
0 39 61
1 64 36
0 27 73
1 82 18
0 73 27
1 65 35
0 71 29
0 61 39
1 91 9
0 12 88
1 80 20
0 33 67
1 95 5
0 11 89
1 95 5
0 67 33
1 62 38
1 68 32
1 51 49
0 6 94
1 94 6
1 63 37
1 92 8
1 45 55
0 25 75
1 35 65
1 43 57
1 88 12
0 16 84
1 67 33
0 38 62
0 16 84
1 25 75
1 7 93
1 89 11
1 65 35
0 12 88
1 63 37
1 69 31
1 84 16
1 59 41
1 65 35
1 69 31
0 50 50
0 23 77
1 81 19
1 76 24
0 6 94
0 62 38
1 76 24
1 78 22
0 18 82
1 89 11
1 76 24
1 49 51
1 47 53
1 67 33
0 40 60
0 66 34
1 75 25
0 30 70
1 55 45
1 17 83
1 59 41
0 40 60
1 41 59
1 57 43
1 30 70
1 93 7
0 8 92
1 34 66
1 91 9
0 31 69
0 16 84
0 29 71
0 20 80
1 60 40
0 69 31
0 9 91
0 39 61
0 29 71
1 86 14
1 89 11
1 59 41
1 95 5
1 65 35
0 22 78
1 49 51
1 60 40
1 90 10
1 62 38
1 80 20
1 63 37
1 71 29
0 27 73
0 35 65
1 55 45
0 73 27
1 90 10
0 17 83
0 38 62
1 73 27
0 37 63
1 73 27
1 76 24
1 71 29
1 17 83
1 88 12
0 71 29
1 29 71
0 63 37
1 80 20
1 28 72
1 61 39
0 64 36
0 35 65
0 65 35
1 87 13
1 31 69
0 72 28
1 41 59
0 21 79
1 65 35
0 15 85
1 89 11
0 27 73
0 15 85
0 49 51
1 76 24
1 53 47
0 18 82
0 79 21
0 62 38
0 48 52
0 76 24
0 10 90
1 68 32
0 73 27
1 28 72
0 22 78
0 31 69
1 74 26
0 16 84
1 73 27
0 37 63
1 59 41
1 40 60
0 68 32
0 60 40
1 73 27
0 78 22
0 95 5
0 72 28
1 83 17
0 17 83
1 41 59
0 13 87
0 37 63
0 72 28
0 66 34
1 65 35
0 41 59
0 31 69
0 19 81
0 18 82
1 59 41
1 71 29
0 64 36
0 25 75
0 34 66
1 62 38
0 20 80
1 94 6
0 13 87
1 92 8
0 36 64
0 73 27
0 55 45
0 37 63
0 67 33
1 41 59
1 59 41
0 71 29
1 22 78
0 21 79
1 44 56
0 19 81
1 48 52
1 78 22
1 54 46
0 36 64
1 61 39
0 31 69
1 80 20
0 6 94
0 68 32
1 30 70
1 75 25
0 10 90
0 62 38
0 15 85
0 70 30
1 36 64
1 87 13
1 87 13
1 69 31
0 19 81
0 32 68
0 36 64
1 66 34
1 79 21
0 14 86
0 37 63
0 71 29
1 63 37
1 89 11
0 41 59
0 34 66
0 63 37
0 36 64
0 28 72
0 42 58
1 30 70
0 35 65
0 20 80
1 36 64
1 64 36
0 17 83
1 64 36
1 56 44
1 90 10
0 37 63
0 61 39
1 91 9
0 83 17
0 60 40
1 77 23
0 62 38
1 36 64
0 70 30
1 77 23
0 14 86
1 93 7
1 83 17
1 76 24
0 41 59
1 26 74
0 9 91
1 38 62
1 36 64
0 58 42
1 66 34
0 8 92
1 91 9
1 68 32
1 54 46
1 55 45
0 36 64
0 63 37
1 89 11
1 89 11
1 64 36
1 45 55
0 42 58
1 41 59
0 7 93
0 8 92
1 90 10
0 18 82
0 58 42
1 35 65
0 32 68
0 9 91
0 7 93
1 81 19
1 87 13
0 7 93
0 43 57
1 51 49
0 66 34
0 34 66
1 59 41
1 64 36
0 52 48
0 48 52
0 65 35
1 37 63
0 64 36
1 68 32
0 24 76
1 83 17
1 42 58
0 73 27
1 23 77
0 11 89
0 24 76
0 22 78
1 56 44
0 28 72
0 43 57
0 58 42
0 21 79
0 41 59
1 33 67
1 76 24
0 22 78
1 58 42
0 28 72
1 53 47
1 30 70
1 75 25
0 44 56
1 40 60
1 92 8
0 12 88
1 92 8
1 81 19
0 20 80
0 59 41
0 25 75
0 4 96
0 25 75
0 10 90
0 63 37
1 88 12
1 71 29
0 22 78
1 85 15
0 8 92
0 43 57
1 41 59
1 50 50
1 65 35
1 16 84
1 57 43
1 59 41
0 34 66
1 43 57
1 54 46
1 45 55
1 51 49
0 32 68
1 69 31
1 64 36
1 34 66
0 9 91
1 79 21
0 56 44
0 66 34
1 86 14
0 29 71
0 41 59
1 13 87
1 94 6
1 89 11
0 24 76
1 77 23
0 35 65
0 10 90
1 91 9
1 19 81
1 68 32
0 81 19
1 70 30
0 65 35
0 35 65
1 67 33
0 22 78
0 60 40
0 95 5
1 43 57
1 80 20
1 90 10
1 77 23
1 59 41
0 30 70
0 53 47
0 57 43
1 56 44
0 14 86
0 17 83
0 33 67
0 44 56
0 61 39
1 69 31
1 78 22
0 32 68
0 18 82
1 39 61
0 66 34
1 77 23
1 77 23
0 79 21
0 56 44
0 37 63
0 44 56
1 90 10
0 38 62
1 71 29
1 66 34
0 58 42
0 58 42
1 80 20
1 55 45
0 55 45
1 72 28
1 48 52
0 57 43
0 44 56
1 89 11
1 55 45
0 42 58
0 54 46
1 62 38
1 40 60
0 42 58
0 21 79
1 56 44
0 15 85
0 59 41
0 67 33
1 39 61
0 63 37
0 52 48
1 35 65
0 33 67
0 55 45
1 82 18
0 59 41
0 48 52
0 27 73
0 25 75
0 39 61
0 47 53
1 72 28
1 48 52
1 79 21
1 79 21
1 43 57
0 28 72
1 87 13
1 78 22
0 28 72
0 19 81
1 29 71
0 43 57
1 85 15
1 70 30
1 13 87
1 28 72
0 34 66
0 45 55
1 70 30
0 31 69
1 44 56
1 92 8
0 27 73
0 12 88
0 60 40
1 54 46
0 27 73
0 17 83
1 72 28
1 72 28
1 56 44
0 10 90
0 53 47
0 27 73
0 58 42
0 45 55
1 35 65
0 45 55
0 63 37
1 86 14
0 48 52
0 37 63
1 41 59
1 25 75
0 25 75
0 55 45
0 26 74
1 55 45
0 25 75
1 71 29
0 59 41
0 51 49
1 57 43
1 80 20
0 47 53
0 30 70
0 28 72
1 84 16
1 61 39
1 75 25
0 13 87
0 23 77
0 80 20
0 78 22
1 37 63
0 23 77
0 13 87
1 57 43
1 82 18
1 79 21
1 59 41
1 64 36
1 54 46
0 47 53
1 90 10
1 60 40
0 53 47
0 71 29
1 71 29
0 31 69
1 70 30
0 65 35
1 87 13
0 43 57
0 56 44
1 69 31
1 48 52
0 76 24
1 41 59
1 61 39
1 55 45
1 59 41
0 55 45
0 31 69
1 75 25
0 62 38
0 63 37
0 29 71
0 49 51
1 71 29
0 61 39
0 36 64
1 70 30
0 33 67
1 24 76
1 76 24
1 74 26
1 36 64
0 55 45
1 87 13
1 59 41
0 17 83
0 28 72
1 52 48
0 55 45
1 69 31
1 45 55
0 55 45
1 74 26
0 29 71
1 77 23
0 68 32
1 30 70
0 56 44
0 64 36
0 66 34
0 55 45
0 38 62
0 65 35
1 64 36
1 77 23
1 32 68
1 71 29
0 16 84
1 79 21
0 62 38
0 62 38
0 35 65
0 56 44
1 61 39
0 46 54
0 75 25
1 76 24
0 37 63
1 35 65
0 34 66
0 12 88
1 33 67
0 79 21
1 34 66
1 36 64
0 58 42
1 38 62
0 31 69
1 48 52
0 15 85
0 12 88
0 57 43
1 76 24
1 58 42
1 56 44
1 81 19
0 26 74
0 25 75
0 39 61
1 46 54
1 87 13
0 68 32
0 52 48
0 13 87
0 21 79
0 33 67
0 58 42
1 84 16
1 63 37
1 66 34
0 27 73
0 56 44
1 71 29
0 17 83
1 82 18
0 19 81
1 64 36
1 65 35
1 36 64
1 65 35
0 33 67
0 43 57
0 71 29
1 42 58
0 72 28
1 75 25
1 32 68
0 40 60
0 68 32
0 16 84
0 27 73
0 35 65
1 81 19
1 65 35
1 44 56
0 20 80
1 55 45
1 10 90
0 77 23
1 70 30
1 57 43
0 61 39
1 66 34
1 52 48
1 92 8
1 76 24
1 57 43
0 36 64
0 62 38
0 24 76
0 30 70
1 64 36
1 69 31
0 69 31
0 29 71
1 86 14
0 67 33
0 39 61
1 63 37
0 76 24
0 33 67
1 14 86
0 55 45
1 64 36
1 70 30
1 77 23
1 69 31
0 37 63
0 13 87
0 24 76
1 63 37
1 63 37
0 61 39
1 46 54
0 30 70
0 14 86
0 28 72
1 70 30
1 62 38
1 74 26
0 17 83
1 33 67
0 84 16
0 75 25
0 52 48
0 33 67
1 91 9
0 31 69
0 29 71
1 83 17
0 56 44
0 35 65
1 39 61
1 79 21
1 62 38
0 50 50
1 89 11
0 61 39
1 78 22
1 77 23
1 58 42
0 9 91
1 40 60
1 92 8
1 88 12
1 93 7
1 72 28
1 72 28
0 39 61
1 27 73
1 60 40
0 33 67
0 64 36
0 58 42
1 74 26
1 64 36
0 34 66
0 46 54
0 18 82
1 37 63
1 72 28
0 34 66
1 71 29
0 13 87
1 49 51
1 78 22
1 95 5
1 60 40
0 53 47
1 74 26
1 30 70
0 73 27
0 23 77
1 63 37
1 37 63
1 70 30
1 80 20
1 56 44
1 76 24
1 42 58
1 79 21
0 29 71
0 38 62
1 86 14
0 70 30
0 39 61
0 58 42
1 46 54
0 30 70
0 44 56
0 58 42
1 75 25
0 26 74
0 14 86
1 46 54
0 67 33
0 61 39
0 73 27
1 82 18
1 79 21
0 66 34
1 69 31
0 37 63
1 56 44
0 30 70
0 31 69
1 45 55
0 45 55
1 45 55
0 78 22
0 5 95
1 85 15
1 88 12
0 24 76
1 70 30
1 43 57
1 42 58
1 84 16
0 26 74
1 66 34
1 71 29
0 13 87
0 61 39
1 75 25
0 5 95
0 24 76
0 37 63
1 78 22
1 59 41
1 39 61
1 43 57
1 67 33
1 71 29
1 90 10
1 58 42
0 40 60
0 20 80
1 66 34
0 68 32
1 71 29
1 74 26
0 77 23
1 60 40
1 66 34
1 39 61
0 67 33
1 66 34
1 31 69
0 32 68
1 86 14
0 28 72
1 64 36
1 82 18
1 18 82
1 27 73
1 74 26
0 32 68
1 43 57
0 44 56
0 20 80
1 42 58
1 85 15
0 17 83
0 64 36
0 32 68
0 12 88
0 29 71
0 50 50
1 40 60
0 41 59
1 75 25
1 76 24
1 27 73
0 46 54
1 24 76
0 9 91
1 86 14
1 62 38
0 27 73
0 17 83
0 31 69
1 60 40
0 19 81
1 69 31
0 46 54
1 89 11
1 79 21
1 58 42
1 78 22
1 74 26
0 37 63
0 5 95
0 19 81
0 65 35
1 77 23
1 72 28
0 43 57
0 60 40
1 75 25
0 76 24
0 63 37
1 29 71
1 29 71
1 71 29
1 84 16
1 53 47
1 83 17
0 56 44
0 26 74
1 33 67
1 30 70
1 23 77
1 58 42
0 21 79
0 84 16
0 65 35
1 91 9
0 22 78
0 24 76
1 64 36
0 32 68
0 33 67
1 70 30
0 71 29
1 92 8
0 23 77
0 40 60
0 61 39
0 61 39
1 81 19
0 23 77
0 19 81
0 13 87
0 25 75
1 54 46
1 66 34
1 90 10
0 18 82
0 21 79
1 84 16
1 6 94
1 84 16
0 14 86
0 13 87
0 7 93
0 13 87
0 24 76
1 70 30
1 76 24
1 24 76
0 12 88
1 84 16
0 18 82
0 34 66
1 68 32
0 64 36
0 71 29
1 88 12
0 19 81
1 63 37
0 43 57
1 93 7
1 61 39
1 74 26
1 72 28
1 69 31
1 75 25
1 94 6
0 19 81
0 30 70
0 13 87
1 59 41
0 38 62
0 69 31
0 45 55
0 33 67
1 27 73
0 31 69
0 8 92
1 81 19
1 62 38
0 8 92
0 35 65
1 93 7
0 31 69
0 90 10
0 40 60
0 22 78
1 69 31
0 4 96
1 64 36
0 6 94
1 80 20
1 91 9
0 37 63
0 43 57
1 28 72
1 23 77
0 13 87
1 46 54
1 32 68
0 12 88
1 79 21
1 38 62
1 31 69
0 60 40
1 23 77
1 23 77
1 96 4
0 20 80
0 40 60
1 24 76
0 66 34
1 54 46
1 82 18
1 77 23
0 66 34
0 20 80
1 74 26
0 32 68
1 75 25
1 60 40
0 77 23
0 25 75
1 65 35
0 80 20
0 22 78
0 7 93
0 17 83
0 47 53
0 60 40
0 44 56
0 22 78
1 29 71
1 74 26
1 38 62
0 31 69
0 54 46
0 31 69
1 53 47
1 96 4
0 46 54
0 67 33
0 7 93
1 80 20
1 60 40
1 53 47
1 62 38
0 76 24
1 44 56
1 66 34
1 32 68
1 75 25
0 69 31
1 80 20
0 20 80
0 12 88
0 18 82
1 43 57
0 27 73
1 87 13
0 85 15
1 84 16
1 86 14
1 82 18
0 41 59
1 92 8
1 77 23
1 60 40
1 51 49
1 34 66
0 29 71
0 66 34
1 89 11
0 79 21
0 59 41
0 39 61
0 89 11
0 26 74
0 6 94
0 62 38
1 31 69
1 68 32
1 89 11
0 11 89
1 35 65
1 95 5
1 65 35
0 42 58
0 27 73
0 31 69
0 14 86
0 22 78
0 15 85
1 65 35
0 4 96
0 45 55
1 53 47
0 76 24
1 96 4
1 94 6
0 12 88
1 32 68
1 94 6
0 57 43
0 13 87
0 73 27
0 31 69
0 18 82
0 40 60
1 61 39
1 78 22
0 29 71
0 63 37
1 47 53
1 60 40
1 82 18
1 33 67
0 45 55
1 67 33
1 77 23
0 39 61
0 78 22
0 34 66
1 70 30
0 22 78
1 65 35
1 45 55
1 69 31
1 45 55
1 69 31
1 24 76
1 77 23
0 37 63
1 80 20
0 70 30
0 24 76
0 13 87
0 80 20
1 34 66
0 32 68
0 40 60
1 91 9
1 80 20
0 54 46
0 23 77
1 44 56
0 28 72
1 88 12
0 36 64
0 62 38
0 18 82
0 6 94
1 83 17
0 31 69
1 46 54
0 28 72
0 25 75
0 60 40
1 60 40
1 83 17
1 45 55
1 71 29
0 62 38
1 35 65
0 20 80
0 60 40
0 26 74
0 78 22
1 70 30
1 52 48
1 29 71
0 36 64
0 11 89
0 26 74
0 49 51
0 10 90
1 81 19
0 24 76
1 89 11
1 85 15
0 50 50
1 70 30
0 61 39
0 80 20
0 73 27
1 57 43
0 14 86
0 39 61
0 11 89
1 59 41
1 69 31
1 59 41
1 65 35
0 31 69
0 40 60
1 69 31
1 76 24
0 78 22
1 63 37
0 15 85
0 59 41
1 67 33
0 71 29
0 36 64
0 49 51
0 44 56
1 38 62
1 79 21
0 59 41
1 95 5
0 52 48
0 44 56
0 71 29
1 89 11
1 86 14
1 88 12
1 23 77
0 58 42
1 34 66
0 41 59
0 20 80
1 39 61
1 82 18
1 92 8
0 87 13
0 27 73
0 29 71
0 46 54
0 56 44
0 65 35
1 41 59
1 71 29
1 88 12
1 36 64
0 74 26
1 75 25
1 89 11
1 52 48
1 79 21
1 86 14
1 91 9
0 49 51
1 7 93
0 46 54
0 81 19
0 45 55
1 88 12
0 6 94
0 59 41
0 54 46
0 86 14
0 40 60
0 61 39
1 87 13
0 68 32
0 52 48
0 15 85
1 52 48
1 38 62
0 32 68
1 82 18
1 72 28
1 46 54
0 16 84
1 93 7
0 16 84
1 42 58
0 21 79
0 37 63
1 26 74
1 72 28
1 9 91
0 19 81
0 70 30
0 26 74
1 37 63
1 35 65
0 65 35
0 12 88
0 24 76
1 64 36
1 93 7
1 58 42
0 31 69
1 86 14
0 76 24
0 25 75
0 12 88
0 18 82
0 72 28
0 31 69
0 20 80
0 45 55
1 75 25
0 28 72
0 36 64
1 73 27
1 69 31
1 32 68
0 65 35
0 61 39
1 50 50
1 74 26
1 83 17
0 43 57
0 18 82
0 76 24
1 71 29
0 40 60
0 60 40
0 71 29
0 90 10
1 75 25
0 33 67
1 73 27
1 89 11
1 83 17
0 18 82
0 68 32
1 72 28
0 17 83
1 95 5
1 80 20
1 84 16
1 69 31
0 73 27
0 27 73
0 36 64
1 62 38
0 70 30
1 67 33
0 10 90
1 43 57
1 64 36
0 64 36
0 30 70
0 25 75
1 53 47
0 34 66
1 88 12
1 81 19
0 32 68
1 34 66
1 86 14
1 66 34
0 8 92
1 44 56
1 70 30
0 29 71
1 40 60
1 56 44
1 76 24
0 65 35
0 79 21
1 32 68
1 70 30
1 58 42
0 19 81
1 86 14
0 37 63
1 79 21
0 76 24
0 61 39
0 23 77
1 71 29
1 61 39
0 61 39
1 67 33
1 92 8
0 20 80
0 75 25
1 28 72
0 70 30
1 67 33
1 81 19
0 16 84
1 89 11
0 71 29
1 93 7
1 71 29
0 30 70
1 74 26
1 55 45
1 61 39
0 67 33
1 34 66
0 81 19
1 87 13
0 24 76
1 86 14
0 25 75
0 64 36
0 42 58
1 65 35
0 23 77
1 93 7
1 93 7
0 23 77
1 74 26
1 79 21
1 34 66
0 9 91
1 95 5
0 28 72
0 80 20
1 38 62
1 95 5
1 74 26
1 53 47
1 80 20
1 88 12
1 87 13
1 83 17
1 86 14
0 65 35
1 11 89
1 84 16
0 33 67
1 85 15
1 70 30
1 88 12
1 59 41
0 35 65
0 7 93
1 38 62
1 64 36
1 66 34
1 68 32
1 66 34
1 61 39
1 41 59
1 78 22
0 76 24
1 67 33
0 55 45
0 9 91
1 91 9
0 26 74
0 59 41
1 43 57
0 27 73
0 91 9
0 47 53
0 69 31
1 68 32
0 55 45
0 23 77
0 28 72
1 24 76
1 87 13
0 53 47
1 74 26
1 59 41
0 29 71
1 35 65
0 22 78
1 30 70
1 73 27
0 30 70
1 68 32
1 62 38
1 53 47
0 74 26
1 61 39
1 12 88
1 61 39
1 91 9
0 12 88
0 62 38
0 76 24
1 60 40
0 32 68
0 66 34
0 77 23
0 7 93
0 25 75
0 25 75
0 8 92
1 73 27
0 33 67
1 62 38
0 30 70
1 66 34
1 86 14
0 20 80
1 68 32
1 88 12
0 53 47
1 91 9
0 80 20
1 14 86
1 65 35
0 12 88
0 34 66
1 28 72
0 10 90
0 54 46
0 20 80
0 79 21
1 85 15
1 74 26
0 32 68
1 60 40
1 76 24
0 21 79
0 74 26
1 76 24
0 13 87
1 45 55
1 59 41
0 33 67
0 54 46
0 44 56
0 19 81
1 37 63
1 70 30
0 30 70
1 41 59
0 30 70
0 29 71
0 28 72
1 91 9
0 18 82
0 65 35
1 75 25
1 44 56
1 80 20
1 61 39
1 60 40
0 82 18
1 84 16
1 22 78
1 87 13
1 59 41
0 39 61
1 96 4
1 78 22
1 74 26
0 67 33
1 93 7
0 87 13
1 68 32
0 29 71
1 96 4
1 69 31
0 19 81
1 20 80
0 49 51
0 14 86
1 70 30
1 79 21
1 87 13
1 37 63
1 39 61
0 33 67
1 32 68
1 47 53
1 69 31
0 18 82
1 49 51
1 76 24
1 65 35
1 89 11
1 25 75
1 81 19
1 76 24
1 78 22
0 46 54
1 81 19
0 76 24
1 86 14
1 55 45
1 89 11
1 78 22
1 76 24
1 73 27
1 81 19
1 76 24
0 32 68
0 39 61
1 70 30
1 86 14
1 85 15
0 25 75
0 79 21
1 61 39
0 40 60
0 75 25
1 86 14
1 31 69
0 34 66
1 79 21
1 39 61
1 33 67
1 59 41
1 69 31
0 14 86
1 74 26
1 80 20
1 89 11
0 57 43
0 80 20
1 62 38
1 24 76
1 37 63
1 77 23
1 90 10
0 17 83
0 71 29
0 20 80
0 59 41
1 80 20
0 71 29
1 77 23
1 76 24
1 88 12
1 63 37
1 76 24
1 37 63
0 9 91
0 32 68
0 57 43
0 35 65
1 74 26
0 38 62
0 39 61
1 85 15
0 65 35
0 15 85
0 10 90
1 59 41
1 66 34
1 90 10
1 89 11
1 24 76
0 28 72
1 73 27
1 37 63
0 35 65
1 44 56
0 73 27
1 69 31
1 78 22
0 9 91
1 91 9
0 10 90
1 25 75
1 65 35
1 81 19
0 20 80
0 36 64
1 40 60
1 50 50
1 16 84
0 36 64
0 64 36
1 97 3
1 97 3
1 78 22
1 85 15
1 63 37
0 67 33
1 77 23
1 43 57
0 37 63
1 82 18
0 35 65
0 54 46
1 73 27
0 28 72
1 80 20
0 62 38
1 39 61
0 39 61
1 82 18
1 77 23
0 93 7
1 86 14
1 84 16
1 94 6
0 4 96
0 18 82
0 69 31
1 92 8
0 9 91
0 15 85
1 80 20
1 84 16
1 67 33
1 88 12
0 23 77
1 84 16
1 75 25
1 94 6
0 34 66
0 61 39
0 80 20
1 92 8
0 20 80
0 10 90
1 88 12
1 76 24
1 77 23
0 10 90
0 64 36
0 28 72
1 69 31
0 9 91
0 35 65
1 94 6
0 78 22
1 87 13
1 84 16
0 72 28
0 58 42
0 27 73
0 20 80
1 68 32
0 40 60
1 83 17
0 39 61
0 88 12
1 71 29
1 72 28
0 27 73
1 73 27
0 35 65
0 30 70
0 17 83
1 96 4
1 92 8
1 73 27
1 82 18
1 91 9
1 79 21
1 89 11
1 95 5
1 85 15
1 67 33
0 32 68
0 21 79
0 68 32
0 36 64
1 92 8
0 48 52
1 74 26
0 33 67
1 82 18
1 63 37
1 58 42
0 35 65
0 56 44
1 94 6
1 83 17
1 72 28
0 34 66
1 69 31
1 24 76
1 27 73
0 37 63
0 27 73
1 89 11
1 89 11
1 85 15
1 71 29
0 31 69
1 78 22
0 74 26
0 42 58
0 33 67
1 81 19
1 65 35
1 89 11
1 85 15
1 74 26
0 39 61
1 77 23
1 84 16
0 73 27
0 12 88
0 37 63
1 77 23
0 16 84
0 18 82
1 54 46
0 12 88
1 91 9
0 78 22
1 75 25
1 41 59
1 72 28
1 68 32
0 18 82
1 53 47
1 95 5
1 96 4
0 17 83
1 45 55
0 75 25
1 62 38
1 75 25
1 81 19
1 32 68
0 45 55
1 45 55
0 32 68
1 69 31
1 69 31
1 88 12
0 56 44
1 86 14
0 25 75
1 15 85
1 92 8
0 17 83
1 65 35
1 29 71
0 65 35
1 79 21
0 48 52
1 43 57
1 54 46
1 91 9
1 63 37
0 19 81
0 65 35
0 82 18
1 69 31
1 24 76
1 90 10
1 80 20
0 29 71
1 70 30
0 37 63
0 61 39
1 75 25
1 79 21
0 66 34
1 52 48
1 87 13
1 85 15
0 31 69
1 78 22
1 88 12
1 95 5
1 89 11
1 60 40
1 74 26
1 42 58
0 72 28
1 86 14
1 31 69
1 44 56
1 32 68
0 34 66
1 76 24
0 24 76
0 20 80
1 67 33
1 44 56
0 20 80
0 40 60
1 86 14
1 21 79
1 18 82
0 25 75
1 89 11
0 35 65
1 78 22
0 41 59
0 25 75
1 66 34
0 66 34
1 95 5
0 60 40
1 34 66
1 30 70
0 14 86
1 78 22
1 89 11
1 30 70
1 76 24
1 87 13
1 90 10
1 57 43
0 82 18
1 64 36
1 92 8
0 32 68
1 85 15
1 69 31
0 12 88
0 28 72
0 18 82
0 25 75
0 27 73
1 36 64
1 92 8
0 14 86
0 9 91
1 28 72
0 42 58
0 45 55
0 22 78
1 54 46
1 91 9
1 56 44
1 85 15
1 75 25
1 70 30
1 65 35
1 23 77
0 39 61
1 72 28
1 52 48
1 27 73
1 87 13
1 76 24
0 80 20
1 87 13
0 10 90
1 77 23
1 62 38
1 80 20
0 42 58
1 69 31
0 29 71
1 62 38
1 92 8
0 8 92
0 11 89
1 66 34
0 41 59
1 83 17
0 9 91
0 76 24
0 12 88
1 86 14
1 17 83
0 62 38
1 65 35
1 84 16
0 34 66
0 25 75
0 80 20
1 92 8
1 79 21
1 78 22
1 84 16
1 94 6
0 25 75
0 41 59
0 77 23
1 81 19
0 11 89
1 55 45
1 79 21
1 82 18
0 36 64
1 88 12
0 15 85
1 26 74
1 31 69
1 72 28
1 44 56
1 91 9
0 9 91
0 52 48
1 85 15
0 12 88
1 80 20
1 48 52
0 67 33
0 65 35
1 43 57
1 48 52
1 70 30
0 39 61
0 23 77
1 57 43
1 44 56
0 64 36
0 47 53
1 11 89
1 85 15
1 92 8
0 21 79
0 7 93
0 6 94
0 11 89
1 73 27
0 77 23
1 82 18
1 90 10
1 38 62
1 83 17
1 74 26
1 66 34
1 52 48
0 86 14
0 7 93
1 63 37
1 90 10
1 82 18
0 8 92
0 24 76
1 64 36
1 76 24
1 76 24
1 81 19
1 71 29
1 56 44
0 46 54
1 72 28
0 20 80
0 56 44
1 66 34
1 78 22
0 13 87
0 21 79
1 84 16
1 30 70
1 63 37
1 78 22
0 56 44
0 24 76
0 30 70
1 83 17
0 35 65
1 60 40
1 86 14
1 85 15
1 84 16
1 89 11
0 23 77
0 53 47
0 61 39
1 43 57
1 87 13
1 78 22
1 69 31
1 84 16
1 29 71
0 33 67
1 68 32
1 86 14
1 24 76
0 42 58
0 62 38
0 32 68
0 81 19
0 19 81
1 61 39
1 62 38
1 73 27
1 36 64
1 53 47
1 41 59
1 65 35
1 49 51
1 57 43
0 63 37
1 77 23
1 38 62
1 18 82
0 37 63
1 67 33
0 74 26
1 49 51
0 14 86
0 11 89
1 91 9
1 22 78
1 63 37
0 40 60
0 63 37
0 29 71
0 32 68
1 74 26
1 26 74
0 24 76
0 73 27
0 19 81
0 30 70
0 83 17
1 94 6
1 63 37
0 50 50
1 89 11
1 36 64
0 83 17
0 4 96
0 45 55
1 85 15
0 8 92
1 63 37
0 10 90
0 48 52
1 35 65
0 11 89
0 64 36
1 65 35
0 53 47
1 76 24
0 28 72
0 22 78
0 76 24
0 27 73
1 95 5
1 67 33
1 69 31
0 66 34
1 79 21
0 12 88
0 46 54
1 78 22
1 56 44
1 88 12
0 34 66
1 70 30
1 88 12
0 4 96
0 71 29
1 92 8
0 24 76
0 16 84
1 37 63
1 83 17
1 78 22
0 22 78
1 74 26
1 69 31
1 58 42
1 39 61
1 67 33
0 16 84
0 16 84
1 37 63
1 90 10
0 17 83
1 63 37
1 65 35
0 51 49
1 79 21
0 76 24
1 57 43
1 86 14
0 37 63
1 74 26
1 73 27
0 31 69
0 56 44
0 25 75
1 38 62
0 66 34
1 72 28
0 34 66
0 60 40
0 34 66
1 90 10
0 39 61
1 74 26
0 21 79
1 65 35
0 45 55
0 26 74
0 68 32
0 79 21
0 79 21
0 19 81
1 43 57
1 61 39
1 79 21
0 85 15
1 66 34
1 72 28
1 81 19
1 66 34
1 33 67
1 75 25
1 38 62
1 86 14
1 70 30
0 81 19
0 19 81
0 91 9
0 59 41
1 80 20
0 65 35
0 28 72
0 35 65
0 36 64
1 77 23
0 18 82
1 84 16
1 63 37
1 37 63
1 58 42
0 23 77
1 76 24
1 35 65
1 90 10
0 86 14
0 30 70
0 80 20
1 28 72
1 73 27
0 13 87
0 38 62
0 20 80
1 85 15
1 42 58
0 14 86
1 67 33
0 16 84
1 82 18
1 50 50
1 68 32
1 84 16
0 79 21
1 77 23
0 19 81
0 34 66
0 20 80
1 84 16
1 61 39
1 21 79
1 84 16
0 74 26
1 60 40
1 53 47
1 72 28
1 66 34
0 32 68
0 35 65
1 89 11
0 30 70
1 73 27
0 41 59
1 82 18
1 91 9
0 75 25
1 62 38
0 65 35
0 37 63
1 67 33
1 88 12
1 76 24
1 86 14
0 8 92
1 84 16
1 77 23
0 11 89
0 34 66
1 69 31
0 33 67
0 59 41
0 27 73
1 25 75
1 68 32
1 77 23
0 56 44
1 64 36
0 72 28
0 42 58
0 36 64
0 39 61
1 80 20
0 49 51
0 15 85
0 67 33
1 44 56
0 68 32
0 31 69
1 78 22
1 82 18
1 40 60
0 28 72
1 64 36
1 80 20
1 64 36
0 45 55
1 32 68
0 58 42
0 40 60
0 59 41
0 21 79
0 78 22
0 39 61
0 41 59
1 63 37
0 79 21
1 60 40
0 22 78
0 75 25
1 65 35
1 70 30
1 78 22
1 83 17
0 20 80
0 72 28
1 63 37
0 30 70
1 83 17
1 32 68
1 18 82
0 67 33
1 64 36
1 80 20
1 88 12
1 63 37
0 25 75
1 78 22
1 72 28
1 55 45
0 37 63
0 36 64
0 38 62
0 22 78
0 64 36
1 76 24
1 62 38
1 84 16
0 77 23
1 55 45
1 26 74
0 29 71
1 68 32
0 41 59
0 30 70
1 78 22
0 16 84
1 77 23
1 74 26
1 67 33
1 88 12
0 83 17
1 83 17
1 50 50
0 30 70
1 85 15
0 67 33
0 39 61
0 49 51
0 36 64
1 88 12
1 44 56
0 47 53
1 38 62
1 71 29
1 69 31
0 78 22
0 75 25
1 75 25
0 38 62
0 29 71
1 70 30
0 34 66
1 62 38
1 45 55
0 69 31
1 95 5
0 79 21
1 54 46
1 15 85
0 66 34
0 32 68
0 30 70
0 58 42
1 67 33
1 87 13
0 75 25
1 38 62
0 52 48
0 40 60
1 81 19
0 24 76
0 60 40
0 65 35
0 80 20
1 89 11
0 91 9
0 19 81
1 91 9
1 32 68
1 83 17
1 88 12
0 16 84
0 14 86
0 10 90
1 91 9
1 30 70
1 90 10
1 82 18
0 35 65
1 68 32
0 7 93
0 23 77
1 54 46
1 74 26
1 76 24
0 8 92
1 74 26
1 90 10
0 75 25
1 83 17
1 23 77
0 5 95
0 29 71
0 57 43
1 50 50
1 66 34
0 11 89
1 91 9
1 64 36
0 73 27
0 36 64
0 25 75
1 78 22
1 81 19
0 27 73
0 78 22
1 86 14
1 70 30
0 44 56
0 29 71
1 40 60
1 66 34
1 73 27
1 87 13
1 73 27
0 73 27
0 22 78
1 47 53
1 36 64
1 68 32
0 32 68
1 59 41
1 68 32
1 88 12
1 39 61
1 59 41
1 27 73
1 77 23
0 25 75
0 15 85
1 28 72
1 14 86
0 14 86
1 76 24
0 63 37
1 71 29
0 16 84
0 61 39
1 74 26
0 71 29
1 26 74
0 54 46
0 12 88
0 15 85
0 16 84
1 80 20
0 16 84
0 75 25
1 76 24
1 71 29
0 28 72
1 74 26
0 65 35
0 23 77
0 24 76
0 69 31
0 22 78
1 88 12
0 25 75
1 81 19
0 35 65
0 45 55
1 64 36
0 35 65
0 52 48
0 14 86
1 69 31
1 21 79
0 36 64
0 26 74
1 65 35
1 45 55
0 30 70
0 78 22
1 41 59
1 36 64
1 66 34
1 45 55
0 17 83
0 67 33
0 46 54
1 68 32
1 31 69
0 58 42
1 19 81
0 94 6
1 16 84
1 36 64
1 83 17
0 21 79
0 30 70
1 62 38
0 30 70
1 45 55
1 28 72
0 28 72
1 80 20
0 25 75
0 74 26
0 61 39
1 46 54
1 74 26
1 72 28
1 78 22
1 13 87
0 33 67
0 82 18
0 36 64
1 68 32
1 77 23
1 81 19
0 57 43
1 72 28
1 21 79
0 66 34
1 71 29
1 90 10
0 28 72
1 65 35
0 46 54
0 71 29
1 45 55
0 63 37
0 37 63
0 65 35
1 86 14
1 83 17
1 70 30
1 84 16
1 90 10
0 47 53
0 73 27
0 28 72
1 76 24
1 75 25
1 80 20
1 85 15
1 92 8
1 39 61
1 89 11
1 80 20
1 87 13
0 79 21
1 68 32
1 75 25
1 96 4
0 65 35
0 69 31
1 76 24
1 65 35
0 6 94
1 84 16
1 76 24
1 83 17
0 31 69
1 87 13
0 56 44
1 59 41
0 6 94
0 72 28
0 19 81
1 91 9
1 54 46
0 22 78
1 58 42
0 15 85
0 51 49
0 30 70
1 30 70
1 71 29
1 85 15
0 26 74
1 86 14
0 81 19
1 90 10
0 56 44
0 21 79
1 82 18
1 44 56
0 21 79
1 92 8
0 39 61
1 62 38
1 89 11
1 39 61
1 32 68
0 72 28
1 77 23
0 41 59
1 51 49
0 51 49
1 93 7
1 87 13
0 30 70
0 21 79
0 28 72
0 21 79
1 35 65
0 59 41
0 7 93
1 47 53
1 73 27
1 35 65
0 39 61
1 17 83
0 58 42
1 76 24
1 94 6
0 18 82
1 78 22
1 94 6
1 55 45
1 96 4
0 13 87
0 66 34
0 53 47
1 45 55
1 73 27
1 90 10
1 67 33
0 37 63
1 80 20
1 56 44
1 81 19
1 31 69
1 73 27
1 67 33
0 60 40
1 72 28
1 34 66
0 73 27
1 81 19
1 87 13
1 28 72
0 57 43
1 49 51
0 79 21
1 88 12
1 83 17
1 78 22
0 20 80
0 25 75
1 30 70
0 32 68
1 56 44
1 87 13
1 94 6
0 45 55
1 15 85
1 75 25
1 67 33
1 73 27
1 55 45
1 74 26
0 26 74
1 64 36
0 35 65
0 23 77
0 71 29
0 14 86
1 85 15
0 33 67
1 86 14
1 76 24
0 61 39
0 32 68
0 79 21
0 34 66
1 78 22
1 17 83
1 79 21
1 85 15
1 62 38
1 14 86
0 25 75
0 37 63
0 28 72
1 82 18
0 20 80
1 78 22
1 86 14
0 65 35
1 8 92
1 13 87
0 77 23
0 23 77
1 71 29
0 6 94
1 18 82
1 33 67
0 16 84
1 78 22
1 26 74
1 72 28
1 59 41
1 77 23
1 92 8
0 34 66
1 44 56
1 93 7
1 92 8
1 47 53
0 38 62
1 69 31
1 95 5
1 82 18
0 17 83
1 30 70
0 17 83
1 71 29
0 94 6
0 15 85
1 23 77
1 78 22
1 45 55
0 31 69
0 79 21
0 8 92
0 76 24
1 63 37
0 7 93
0 26 74
0 71 29
0 32 68
1 44 56
0 18 82
1 78 22
1 76 24
1 42 58
0 22 78
1 81 19
1 92 8
0 18 82
0 79 21
0 29 71
0 82 18
0 5 95
1 54 46
0 21 79
1 83 17
0 38 62
1 82 18
1 84 16
1 75 25
0 62 38
1 56 44
0 23 77
0 18 82
1 77 23
0 8 92
1 88 12
1 74 26
0 16 84
0 66 34
0 15 85
1 37 63
0 26 74
1 70 30
0 25 75
1 81 19
0 53 47
1 78 22
0 34 66
1 94 6
1 70 30
1 91 9
0 58 42
1 25 75
1 49 51
0 55 45
0 62 38
1 30 70
1 82 18
1 63 37
1 76 24
0 75 25
0 65 35
0 25 75
0 17 83
0 53 47
0 60 40
1 88 12
0 78 22
1 77 23
1 31 69
1 81 19
1 82 18
0 65 35
0 56 44
1 38 62
1 35 65
1 68 32
1 84 16
0 28 72
0 67 33
0 15 85
1 97 3
0 26 74
1 79 21
0 24 76
1 73 27
0 25 75
0 36 64
1 88 12
0 9 91
0 32 68
1 82 18
1 90 10
0 51 49
1 88 12
1 86 14
1 52 48
1 63 37
1 77 23
1 67 33
1 73 27
0 10 90
1 74 26
1 91 9
1 31 69
0 6 94
1 74 26
1 86 14
1 64 36
1 65 35
0 61 39
1 66 34
1 57 43
0 29 71
0 87 13
0 70 30
1 63 37
0 7 93
0 27 73
0 38 62
1 29 71
1 63 37
1 65 35
0 13 87
1 88 12
0 30 70
0 19 81
1 90 10
0 55 45
1 91 9
0 22 78
0 23 77
1 71 29
0 24 76
1 78 22
0 19 81
0 29 71
0 63 37
1 33 67
1 44 56
0 33 67
1 28 72
0 30 70
1 77 23
0 71 29
1 50 50
1 95 5
1 91 9
1 70 30
0 77 23
1 78 22
1 73 27
0 75 25
1 33 67
1 42 58
1 61 39
1 67 33
1 20 80
1 77 23
0 14 86
1 87 13
0 24 76
0 26 74
0 87 13
1 90 10
1 68 32
1 62 38
1 72 28
0 12 88
0 15 85
1 71 29
0 50 50
1 73 27
0 30 70
1 74 26
0 43 57
0 27 73
1 63 37
0 44 56
1 25 75
1 84 16
1 61 39
1 72 28
0 28 72
0 45 55
1 88 12
1 63 37
0 63 37
0 14 86
1 78 22
1 76 24
0 46 54
1 66 34
1 72 28
0 27 73
0 10 90
0 36 64
1 82 18
0 25 75
0 38 62
0 71 29
0 84 16
0 38 62
0 16 84
1 58 42
1 68 32
1 78 22
0 70 30
0 22 78
1 21 79
1 39 61
0 32 68
1 77 23
0 17 83
1 47 53
0 34 66
1 86 14
0 19 81
1 85 15
1 58 42
1 22 78
1 92 8
1 68 32
0 34 66
1 64 36
1 80 20
1 26 74
0 26 74
1 75 25
1 22 78
0 18 82
1 58 42
0 10 90
0 46 54
1 31 69
0 22 78
0 23 77
1 62 38
0 32 68
1 72 28
1 94 6
1 88 12
0 20 80
1 86 14
0 71 29
1 66 34
0 27 73
0 14 86
0 67 33
0 14 86
0 17 83
1 47 53
1 90 10
1 26 74
1 74 26
0 23 77
0 8 92
0 8 92
0 38 62
1 84 16
0 21 79
1 32 68
1 65 35
0 54 46
1 67 33
0 70 30
0 30 70
0 20 80
1 89 11
0 35 65
0 24 76
1 22 78
1 78 22
0 19 81
1 71 29
0 50 50
0 50 50
0 38 62
1 77 23
1 56 44
1 95 5
0 27 73
0 12 88
0 15 85
1 56 44
0 69 31
1 86 14
1 70 30
0 67 33
1 42 58
1 37 63
0 27 73
0 29 71
1 68 32
1 72 28
0 20 80
0 47 53
1 72 28
1 69 31
1 89 11
0 75 25
1 28 72
1 73 27
1 43 57
1 26 74
1 78 22
0 25 75
1 86 14
0 71 29
1 85 15
1 66 34
1 87 13
0 57 43
0 61 39
0 63 37
1 73 27
0 59 41
0 83 17
1 76 24
1 76 24
1 89 11
0 65 35
1 30 70
0 23 77
1 43 57
0 16 84
0 23 77
0 72 28
0 13 87
0 30 70
0 21 79
0 25 75
1 12 88
1 96 4
1 84 16
0 24 76
0 34 66
0 17 83
1 86 14
0 33 67
1 43 57
1 55 45
1 84 16
0 29 71
0 36 64
0 46 54
0 71 29
1 86 14
1 55 45
0 29 71
0 43 57
0 25 75
0 10 90
1 94 6
0 43 57
1 74 26
1 71 29
0 8 92
0 30 70
0 44 56
0 14 86
1 77 23
0 26 74
1 87 13
1 28 72
1 37 63
1 76 24
0 31 69
1 56 44
0 14 86
0 47 53
1 77 23
1 39 61
1 81 19
0 7 93
0 61 39
1 93 7
1 77 23
1 47 53
1 35 65
0 46 54
0 39 61
0 26 74
0 18 82
1 89 11
0 12 88
1 71 29
1 73 27
0 24 76
0 30 70
1 31 69
1 87 13
0 18 82
0 21 79
0 30 70
0 37 63
1 40 60
0 58 42
0 62 38
1 81 19
0 28 72
1 39 61
0 58 42
1 60 40
0 34 66
1 20 80
0 40 60
1 77 23
0 14 86
1 28 72
1 51 49
0 74 26
0 54 46
0 76 24
1 65 35
1 29 71
1 73 27
1 37 63
1 61 39
1 27 73
1 68 32
0 22 78
1 64 36
1 22 78
1 47 53
0 35 65
1 73 27
1 41 59
1 58 42
1 78 22
0 14 86
1 38 62
0 47 53
0 10 90
0 68 32
1 42 58
0 21 79
0 29 71
0 71 29
0 33 67
0 35 65
0 79 21
0 19 81
0 67 33
1 75 25
1 76 24
0 84 16
1 57 43
0 65 35
1 65 35
0 75 25
1 75 25
1 64 36
1 63 37
0 34 66
1 54 46
0 45 55
0 52 48
1 91 9
1 72 28
1 85 15
0 18 82
1 53 47
1 88 12
0 43 57
0 53 47
0 87 13
0 23 77
0 10 90
0 20 80
1 16 84
1 60 40
1 19 81
0 21 79
1 65 35
1 81 19
0 5 95
1 91 9
1 48 52
0 21 79
0 59 41
1 84 16
0 41 59
0 53 47
1 86 14
0 38 62
1 37 63
1 32 68
0 41 59
1 50 50
0 12 88
1 38 62
0 63 37
1 77 23
0 84 16
1 11 89
1 69 31
1 70 30
0 20 80
0 14 86
0 13 87
0 22 78
0 59 41
1 40 60
0 30 70
1 75 25
0 23 77
1 91 9
1 78 22
0 26 74
1 76 24
1 57 43
0 60 40
0 3 97
1 81 19
0 31 69
1 31 69
1 74 26
0 3 97
1 75 25
1 18 82
1 75 25
0 8 92
1 77 23
1 76 24
1 78 22
1 69 31
0 4 96
0 19 81
1 96 4
0 56 44
1 71 29
0 26 74
1 93 7
0 18 82
1 76 24
0 27 73
1 86 14
0 50 50
0 43 57
1 91 9
1 33 67
0 29 71
1 20 80
1 34 66
1 72 28
1 69 31
1 66 34
1 66 34
1 95 5
0 8 92
1 85 15
1 89 11
0 69 31
0 21 79
0 66 34
0 10 90
0 44 56
1 27 73
1 75 25
1 75 25
1 43 57
1 32 68
0 77 23
0 73 27
1 24 76
0 82 18
0 36 64
0 18 82
0 33 67
1 66 34
1 32 68
1 69 31
1 53 47
0 17 83
0 25 75
0 10 90
0 14 86
0 7 93
1 77 23
0 9 91
0 8 92
1 71 29
0 69 31
1 73 27
0 31 69
0 33 67
1 92 8
0 48 52
0 66 34
0 54 46
1 90 10
1 59 41
1 86 14
0 26 74
1 67 33
1 89 11
0 58 42
0 70 30
0 11 89
0 37 63
0 24 76
1 81 19
0 20 80
1 69 31
1 31 69
0 56 44
1 71 29
0 67 33
0 16 84
1 41 59
0 15 85
0 28 72
1 46 54
1 68 32
1 57 43
1 70 30
1 68 32
1 70 30
1 77 23
0 15 85
0 51 49
1 74 26
0 29 71
0 65 35
1 86 14
1 85 15
0 57 43
1 91 9
0 16 84
1 88 12
0 18 82
1 91 9
1 62 38
0 42 58
0 84 16
0 53 47
0 19 81
1 71 29
1 83 17
1 66 34
1 12 88
1 74 26
1 59 41
1 89 11
1 84 16
1 72 28
1 89 11
0 20 80
0 46 54
0 26 74
1 36 64
1 20 80
1 85 15
0 35 65
1 85 15
0 68 32
0 27 73
0 66 34
0 24 76
1 21 79
1 71 29
1 61 39
1 48 52
0 67 33
0 52 48
0 6 94
0 33 67
0 58 42
0 10 90
0 73 27
1 52 48
1 92 8
0 5 95
1 96 4
0 41 59
0 7 93
0 26 74
0 30 70
0 47 53
0 74 26
1 88 12
1 95 5
0 54 46
1 64 36
1 86 14
0 37 63
0 53 47
0 18 82
1 49 51
0 54 46
1 59 41
0 32 68
1 16 84
0 8 92
1 72 28
1 70 30
1 81 19
1 80 20
0 22 78
1 66 34
1 31 69
0 20 80
0 16 84
1 64 36
0 39 61
1 87 13
1 45 55
1 68 32
1 67 33
1 78 22
0 58 42
0 23 77
1 34 66
0 15 85
0 30 70
1 76 24
1 33 67
1 65 35
1 39 61
0 32 68
0 31 69
0 58 42
1 58 42
0 40 60
0 21 79
0 22 78
1 70 30
1 60 40
1 67 33
1 74 26
1 38 62
0 38 62
1 58 42
0 60 40
0 41 59
0 68 32
1 46 54
1 80 20
0 33 67
1 70 30
0 73 27
0 76 24
1 71 29
1 24 76
0 23 77
0 56 44
0 22 78
1 62 38
0 69 31
1 51 49
0 19 81
1 36 64
0 69 31
0 31 69
0 72 28
1 76 24
0 54 46
0 30 70
1 56 44
1 86 14
0 60 40
0 16 84
0 20 80
1 92 8
0 78 22
0 36 64
0 84 16
1 86 14
1 51 49
1 14 86
1 66 34
1 84 16
1 83 17
1 65 35
1 90 10
0 44 56
1 68 32
1 61 39
0 32 68
1 64 36
0 10 90
1 58 42
0 32 68
1 74 26
1 90 10
0 76 24
1 54 46
1 85 15
1 89 11
1 67 33
1 73 27
1 43 57
0 53 47
0 79 21
1 40 60
0 64 36
1 61 39
1 88 12
1 76 24
1 89 11
1 77 23
1 86 14
1 55 45
0 79 21
1 38 62
0 14 86
0 31 69
1 85 15
0 75 25
1 33 67
1 59 41
1 66 34
0 53 47
0 14 86
1 83 17
0 61 39
1 56 44
1 91 9
1 69 31
0 30 70
0 67 33
1 51 49
1 39 61
0 28 72
1 84 16
1 79 21
1 50 50
0 19 81
1 78 22
0 37 63
1 66 34
0 54 46
1 85 15
1 58 42
1 64 36
0 54 46
1 82 18
1 71 29
0 50 50
1 81 19
0 20 80
0 41 59
1 33 67
0 80 20
0 63 37
0 39 61
1 47 53
1 44 56
1 79 21
0 53 47
0 75 25
0 30 70
1 42 58
1 60 40
0 58 42
0 80 20
1 83 17
0 31 69
0 45 55
1 34 66
1 75 25
1 77 23
1 83 17
0 6 94
1 26 74
0 78 22
0 16 84
1 25 75
1 85 15
0 33 67
1 75 25
0 4 96
1 93 7
0 32 68
0 40 60
0 44 56
0 85 15
1 43 57
1 39 61
1 75 25
1 86 14
0 19 81
0 33 67
1 68 32
1 40 60
1 65 35
0 70 30
0 54 46
1 63 37
1 38 62
0 39 61
0 13 87
1 59 41
0 49 51
1 20 80
1 71 29
0 56 44
0 69 31
1 61 39
0 19 81
0 89 11
1 93 7
1 34 66
1 63 37
0 65 35
0 28 72
1 87 13
1 20 80
0 25 75
1 67 33
1 41 59
1 87 13
0 34 66
1 87 13
1 63 37
0 40 60
0 63 37
0 28 72
1 88 12
1 33 67
0 85 15
1 87 13
1 88 12
1 36 64
1 87 13
1 84 16
0 12 88
1 56 44
0 8 92
1 85 15
1 60 40
0 35 65
1 80 20
1 41 59
0 71 29
1 65 35
0 25 75
1 76 24
0 51 49
1 83 17
1 89 11
1 78 22
1 47 53
0 37 63
1 87 13
1 79 21
1 72 28
0 35 65
1 69 31
1 79 21
1 67 33
0 45 55
0 24 76
1 93 7
0 46 54
1 34 66
1 78 22
0 67 33
1 90 10
0 12 88
0 39 61
1 25 75
1 89 11
1 56 44
0 68 32
1 94 6
1 81 19
1 59 41
1 91 9
1 78 22
1 42 58
1 26 74
1 63 37
1 58 42
1 63 37
0 20 80
0 69 31
0 34 66
0 23 77
1 30 70
1 69 31
0 52 48
0 41 59
0 57 43
0 62 38
1 63 37
0 62 38
0 73 27
1 25 75
0 84 16
0 33 67
1 50 50
0 25 75
1 84 16
1 50 50
0 56 44
0 28 72
0 13 87
0 13 87
1 64 36
0 27 73
0 35 65
1 77 23
0 9 91
1 80 20
1 84 16
0 15 85
0 82 18
1 42 58
1 92 8
1 69 31
0 11 89
1 79 21
0 74 26
1 91 9
1 55 45
0 16 84
0 68 32
0 15 85
1 69 31
1 82 18
0 17 83
0 21 79
0 26 74
1 79 21
0 35 65
1 81 19
0 58 42
1 68 32
0 56 44
1 70 30
1 90 10
1 54 46
1 66 34
0 20 80
0 65 35
0 26 74
0 71 29
0 19 81
1 75 25
1 68 32
1 86 14
1 77 23
1 83 17
0 58 42
1 78 22
1 77 23
0 58 42
0 46 54
1 69 31
1 57 43
1 36 64
0 72 28
1 79 21
0 19 81
1 80 20
0 27 73
1 27 73
1 83 17
0 37 63
0 20 80
1 29 71
0 30 70
1 58 42
1 87 13
0 18 82
1 89 11
1 85 15
1 76 24
0 37 63
1 58 42
0 34 66
1 86 14
1 70 30
1 90 10
1 46 54
0 37 63
1 69 31
1 39 61
0 44 56
0 33 67
1 28 72
0 64 36
1 54 46
0 41 59
0 76 24
0 57 43
1 65 35
0 45 55
0 60 40
0 14 86
1 69 31
0 15 85
1 43 57
1 77 23
1 71 29
1 67 33
0 30 70
0 71 29
0 41 59
0 30 70
1 71 29
0 68 32
1 63 37
1 22 78
1 15 85
0 29 71
1 79 21
0 31 69
1 76 24
0 57 43
0 69 31
0 33 67
0 74 26
1 54 46
0 19 81
0 8 92
1 86 14
0 75 25
1 36 64
1 71 29
1 77 23
1 62 38
1 28 72
0 43 57
0 60 40
1 82 18
0 39 61
1 88 12
0 91 9
0 16 84
1 14 86
1 83 17
0 44 56
1 82 18
0 31 69
0 8 92
1 72 28
1 88 12
1 92 8
1 91 9
0 27 73
0 22 78
0 60 40
0 86 14
0 30 70
0 21 79
0 26 74
0 9 91
1 77 23
0 19 81
0 53 47
0 40 60
0 9 91
1 79 21
0 26 74
1 48 52
1 94 6
0 6 94
0 67 33
0 8 92
1 82 18
1 39 61
0 46 54
1 85 15
0 30 70
0 22 78
0 20 80
1 33 67
1 78 22
1 43 57
0 62 38
1 42 58
0 11 89
1 49 51
0 68 32
1 77 23
0 22 78
0 46 54
1 55 45
1 73 27
1 73 27
1 70 30
1 80 20
0 46 54
1 87 13
1 73 27
1 37 63
1 87 13
1 27 73
1 88 12
0 25 75
1 55 45
1 71 29
1 23 77
0 34 66
0 78 22
1 67 33
1 83 17
0 14 86
0 20 80
1 86 14
1 61 39
0 60 40
1 71 29
0 19 81
1 91 9
0 8 92
1 81 19
1 59 41
1 35 65
0 19 81
1 89 11
1 83 17
1 92 8
1 28 72
1 31 69
0 22 78
1 89 11
1 57 43
1 45 55
1 77 23
1 44 56
0 19 81
1 19 81
0 11 89
1 79 21
1 67 33
1 40 60
0 75 25
1 78 22
1 70 30
1 38 62
1 76 24
1 80 20
0 34 66
0 8 92
0 20 80
0 67 33
0 21 79
0 43 57
0 80 20
0 53 47
0 37 63
1 40 60
1 84 16
0 29 71
0 11 89
0 23 77
0 39 61
0 38 62
0 44 56
1 33 67
1 55 45
1 67 33
1 77 23
1 65 35
1 71 29
0 59 41
0 18 82
1 51 49
1 72 28
0 31 69
0 78 22
1 21 79
0 22 78
0 52 48
0 61 39
1 68 32
1 65 35
0 19 81
0 33 67
0 22 78
0 36 64
1 78 22
1 57 43
0 45 55
1 91 9
0 87 13
0 19 81
0 25 75
0 21 79
0 22 78
1 76 24
1 63 37
1 43 57
0 66 34
0 78 22
1 88 12
0 46 54
0 82 18
0 68 32
1 81 19
0 26 74
0 69 31
0 82 18
1 90 10
0 8 92
1 86 14
1 72 28
1 30 70
0 27 73
1 86 14
0 33 67
0 16 84
1 55 45
0 13 87
1 39 61
1 75 25
1 84 16
1 76 24
0 27 73
0 57 43
0 30 70
0 19 81
0 10 90
1 68 32
0 42 58
0 49 51
0 56 44
1 80 20
1 33 67
0 31 69
0 16 84
1 80 20
0 70 30
0 37 63
1 80 20
1 83 17
0 26 74
1 70 30
1 91 9
0 20 80
1 54 46
1 74 26
0 20 80
1 90 10
0 33 67
1 63 37
1 72 28
0 31 69
0 11 89
1 87 13
1 56 44
0 37 63
1 89 11
0 82 18
1 69 31
1 67 33
1 25 75
0 25 75
0 55 45
1 72 28
1 82 18
1 83 17
0 29 71
0 36 64
0 55 45
1 61 39
0 58 42
1 67 33
1 28 72
1 80 20
0 48 52
1 32 68
0 25 75
1 34 66
1 69 31
0 42 58
0 56 44
0 33 67
0 42 58
0 54 46
1 68 32
1 40 60
0 80 20
1 91 9
1 39 61
1 88 12
1 76 24
1 29 71
0 19 81
0 26 74
1 70 30
1 77 23
0 36 64
1 72 28
0 49 51
1 64 36
0 47 53
1 35 65
1 68 32
1 43 57
1 61 39
0 74 26
1 59 41
0 15 85
0 44 56
1 86 14
0 58 42
1 87 13
0 42 58
1 66 34
1 35 65
1 81 19
1 58 42
1 49 51
0 15 85
0 19 81
1 59 41
0 69 31
1 56 44
0 69 31
1 81 19
0 73 27
0 60 40
1 66 34
0 18 82
1 76 24
1 74 26
1 61 39
0 28 72
1 69 31
1 58 42
1 69 31
0 74 26
1 78 22
1 70 30
0 57 43
0 67 33
1 64 36
1 45 55
1 26 74
1 42 58
1 30 70
0 61 39
0 31 69
1 52 48
0 29 71
1 32 68
1 54 46
0 54 46
1 57 43
0 91 9
1 64 36
1 81 19
0 63 37
0 41 59
1 80 20
0 31 69
1 73 27
1 59 41
1 39 61
1 57 43
0 20 80
0 65 35
1 73 27
1 86 14
0 33 67
1 53 47
0 46 54
1 62 38
1 69 31
0 59 41
0 32 68
1 55 45
1 65 35
1 65 35
1 52 48
1 90 10
1 73 27
0 66 34
0 58 42
1 78 22
1 66 34
1 82 18
1 34 66
0 39 61
1 31 69
0 28 72
1 68 32
1 42 58
0 76 24
1 68 32
1 66 34
0 34 66
1 38 62
0 61 39
1 65 35
1 25 75
0 76 24
1 23 77
1 78 22
1 83 17
0 31 69
1 44 56
0 25 75
1 82 18
1 68 32
1 72 28
0 64 36
1 38 62
0 22 78
1 27 73
1 57 43
1 73 27
1 20 80
0 75 25
0 17 83
1 18 82
1 63 37
1 43 57
1 79 21
0 42 58
1 79 21
0 38 62
1 38 62
1 66 34
0 33 67
1 58 42
1 39 61
0 69 31
1 43 57
1 92 8
0 70 30
1 89 11
1 79 21
1 70 30
1 31 69
1 80 20
1 77 23
1 86 14
1 75 25
0 69 31
1 49 51
0 72 28
0 67 33
1 72 28
0 44 56
0 58 42
1 91 9
1 55 45
0 76 24
0 20 80
1 82 18
0 10 90
1 35 65
1 50 50
1 57 43
0 79 21
1 83 17
1 89 11
0 57 43
0 30 70
1 68 32
0 43 57
0 89 11
1 77 23
0 41 59
0 13 87
0 38 62
1 79 21
1 76 24
0 33 67
0 24 76
0 33 67
1 88 12
1 88 12
1 62 38
0 34 66
1 69 31
1 59 41
0 61 39
0 42 58
1 45 55
1 31 69
1 86 14
0 55 45
0 17 83
0 65 35
0 20 80
1 58 42
1 27 73
1 18 82
0 67 33
1 72 28
0 69 31
1 89 11
0 79 21
1 63 37
1 72 28
0 90 10
1 18 82
1 91 9
1 78 22
0 8 92
0 26 74
1 71 29
1 73 27
0 23 77
1 77 23
1 62 38
0 19 81
0 23 77
0 17 83
1 81 19
1 60 40
1 86 14
1 67 33
1 55 45
1 33 67
1 42 58
0 31 69
1 73 27
0 31 69
0 79 21
0 56 44
1 77 23
1 76 24
0 19 81
0 6 94
1 74 26
1 21 79
1 94 6
1 65 35
0 73 27
0 72 28
1 87 13
1 44 56
1 71 29
1 86 14
0 16 84
0 10 90
1 72 28
1 91 9
0 83 17
1 86 14
0 50 50
0 46 54
1 56 44
1 26 74
0 26 74
1 64 36
1 80 20
1 88 12
0 48 52
1 87 13
0 37 63
1 82 18
1 59 41
1 75 25
1 80 20
1 24 76
0 18 82
1 19 81
0 27 73
1 90 10
1 41 59
0 36 64
0 34 66
0 72 28
0 32 68
0 52 48
1 81 19
1 53 47
0 68 32
1 31 69
0 12 88
0 47 53
1 84 16
1 35 65
1 75 25
0 70 30
0 28 72
1 62 38
1 68 32
0 58 42
0 25 75
0 73 27
1 58 42
1 66 34
0 72 28
1 77 23
1 44 56
1 90 10
0 31 69
0 29 71
0 73 27
1 81 19
0 39 61
1 29 71
0 49 51
0 78 22
1 69 31
0 57 43
0 33 67
1 88 12
0 14 86
1 80 20
0 38 62
0 31 69
0 79 21
1 25 75
0 62 38
1 20 80
1 64 36
1 8 92
1 93 7
1 61 39
1 60 40
0 56 44
1 82 18
1 87 13
0 21 79
0 79 21
0 27 73
0 73 27
1 70 30
1 95 5
1 74 26
1 73 27
1 71 29
0 89 11
1 82 18
1 89 11
1 77 23
0 35 65
0 10 90
1 93 7
0 25 75
1 80 20
0 21 79
1 69 31
0 44 56
1 20 80
0 45 55
0 55 45
0 69 31
1 9 91
1 93 7
0 12 88
1 84 16
0 71 29
1 82 18
0 26 74
1 79 21
0 19 81
0 67 33
1 52 48
0 40 60
0 21 79
0 68 32
0 18 82
1 51 49
1 64 36
0 23 77
1 59 41
1 73 27
0 62 38
1 48 52
0 84 16
1 40 60
0 11 89
0 57 43
1 57 43
1 88 12
0 7 93
1 86 14
0 42 58
1 86 14
0 3 97
1 42 58
1 93 7
0 9 91
0 71 29
0 5 95
0 28 72
1 63 37
1 88 12
0 35 65
0 29 71
1 29 71
0 27 73
0 21 79
1 82 18
0 20 80
0 82 18
1 69 31
1 79 21
0 53 47
0 55 45
1 75 25
0 11 89
1 73 27
1 80 20
1 41 59
1 22 78
1 90 10
1 91 9
0 36 64
1 85 15
0 37 63
0 18 82
0 21 79
0 46 54
1 52 48
0 82 18
1 91 9
0 18 82
1 51 49
0 14 86
0 17 83
1 65 35
0 22 78
0 33 67
1 67 33
0 94 6
1 81 19
1 77 23
1 31 69
0 48 52
1 36 64
0 38 62
1 67 33
0 64 36
0 23 77
1 62 38
0 16 84
0 31 69
0 35 65
0 41 59
0 70 30
1 63 37
0 79 21
1 69 31
1 37 63
1 56 44
1 81 19
1 90 10
1 89 11
0 66 34
1 72 28
0 39 61
0 20 80
0 83 17
1 38 62
1 83 17
0 42 58
1 93 7
0 56 44
1 83 17
1 29 71
1 84 16
0 3 97
1 68 32
0 24 76
1 90 10
1 95 5
0 14 86
0 16 84
0 71 29
1 42 58
1 55 45
1 48 52
0 7 93
1 52 48
0 72 28
0 52 48
1 81 19
1 92 8
0 6 94
1 85 15
0 13 87
1 69 31
0 83 17
1 94 6
0 3 97
1 20 80
1 69 31
0 6 94
0 40 60
1 9 91
1 95 5
0 45 55
0 74 26
0 18 82
1 93 7
1 88 12
0 52 48
0 9 91
0 22 78
0 11 89
0 11 89
1 84 16
1 90 10
1 47 53
1 82 18
1 50 50
1 90 10
0 13 87
1 36 64
1 19 81
0 21 79
1 93 7
0 14 86
1 61 39
1 73 27
1 87 13
0 13 87
0 25 75
1 61 39
1 95 5
1 70 30
1 81 19
1 62 38
0 8 92
0 64 36
0 8 92
0 21 79
0 53 47
0 32 68
1 75 25
1 68 32
0 16 84
1 77 23
0 33 67
1 56 44
1 23 77
0 35 65
0 62 38
1 73 27
1 83 17
0 22 78
0 72 28
0 64 36
0 86 14
1 72 28
1 82 18
1 90 10
1 73 27
1 74 26
0 6 94
0 17 83
0 16 84
0 22 78
1 80 20
1 49 51
1 85 15
0 62 38
0 44 56
0 20 80
0 18 82
0 22 78
1 86 14
0 25 75
1 79 21
0 83 17
0 52 48
1 36 64
1 71 29
0 62 38
0 26 74
0 32 68
0 45 55
0 25 75
1 47 53
0 70 30
0 41 59
1 92 8
0 62 38
1 89 11
1 93 7
1 61 39
0 43 57
1 65 35
1 65 35
1 89 11
1 87 13
1 91 9
1 90 10
1 81 19
0 79 21
0 8 92
1 29 71
0 80 20
1 64 36
1 43 57
0 38 62
1 89 11
1 93 7
1 80 20
1 25 75
1 69 31
0 28 72
0 42 58
1 54 46
0 47 53
1 31 69
1 38 62
1 41 59
0 66 34
0 43 57
1 33 67
1 65 35
1 65 35
0 25 75
0 23 77
0 58 42
1 41 59
1 72 28
0 40 60
0 72 28
1 25 75
0 28 72
0 38 62
0 22 78
1 55 45
1 58 42
1 73 27
0 40 60
0 56 44
0 24 76
1 84 16
1 34 66
0 20 80
1 68 32
1 69 31
1 72 28
0 74 26
1 55 45
1 60 40
0 63 37
0 61 39
1 78 22
1 69 31
1 84 16
1 80 20
1 85 15
0 28 72
0 31 69
1 74 26
1 30 70
0 84 16
1 71 29
1 71 29
0 80 20
1 64 36
1 28 72
0 35 65
0 65 35
0 14 86
1 82 18
0 27 73
0 80 20
0 68 32
1 81 19
0 33 67
0 88 12
1 87 13
1 76 24
0 28 72
1 73 27
0 27 73
1 23 77
1 89 11
1 90 10
0 18 82
1 84 16
1 78 22
0 20 80
0 29 71
0 25 75
1 47 53
1 93 7
0 10 90
0 12 88
1 75 25
1 24 76
1 76 24
0 24 76
0 27 73
0 34 66
1 83 17
1 55 45
1 45 55
1 67 33
1 73 27
0 49 51
0 21 79
1 59 41
1 55 45
1 52 48
0 38 62
0 21 79
0 62 38
0 30 70
0 80 20
0 66 34
1 78 22
0 22 78
1 78 22
0 35 65
0 81 19
0 77 23
0 63 37
1 84 16
1 66 34
1 79 21
0 22 78
0 65 35
1 82 18
0 71 29
0 29 71
1 61 39
0 30 70
0 86 14
1 55 45
0 65 35
1 26 74
1 45 55
0 78 22
0 17 83
1 90 10
1 83 17
0 17 83
0 31 69
0 28 72
0 18 82
1 79 21
0 12 88
0 23 77
1 15 85
0 6 94
0 29 71
1 50 50
0 45 55
1 81 19
1 66 34
0 65 35
0 81 19
0 6 94
1 82 18
1 75 25
0 61 39
1 88 12
0 28 72
1 65 35
1 90 10
0 67 33
1 71 29
1 60 40
1 79 21
0 73 27
1 30 70
1 85 15
1 85 15
0 26 74
1 84 16
1 93 7
1 61 39
1 71 29
0 6 94
0 9 91
1 64 36
0 78 22
0 40 60
0 5 95
0 43 57
1 59 41
0 10 90
1 92 8
1 60 40
1 16 84
1 69 31
0 58 42
0 32 68
1 91 9
1 78 22
0 16 84
1 75 25
1 85 15
0 71 29
0 22 78
0 55 45
1 65 35
0 12 88
1 36 64
1 84 16
0 71 29
1 75 25
0 37 63
1 73 27
1 47 53
0 66 34
0 19 81
0 27 73
0 15 85
1 91 9
1 22 78
1 85 15
0 85 15
1 74 26
0 55 45
1 79 21
0 81 19
1 55 45
1 81 19
0 23 77
0 70 30
1 54 46
0 35 65
1 71 29
0 42 58
1 85 15
1 39 61
1 47 53
1 78 22
1 89 11
0 30 70
0 68 32
1 79 21
1 19 81
0 82 18
1 63 37
1 44 56
0 12 88
1 82 18
0 11 89
1 73 27
0 72 28
1 79 21
0 9 91
0 44 56
0 19 81
1 59 41
1 87 13
1 15 85
1 72 28
0 26 74
0 30 70
1 87 13
0 18 82
0 58 42
0 41 59
0 45 55
1 63 37
1 52 48
1 55 45
0 24 76
1 57 43
0 18 82
1 64 36
1 90 10
1 60 40
1 87 13
0 67 33
1 78 22
1 61 39
1 46 54
1 72 28
0 21 79
0 54 46
1 78 22
1 90 10
0 21 79
1 80 20
1 88 12
1 88 12
1 14 86
0 39 61
0 35 65
0 75 25
1 48 52
0 48 52
0 44 56
0 78 22
0 27 73
1 88 12
0 85 15
0 73 27
1 73 27
0 61 39
0 14 86
0 13 87
1 58 42
0 11 89
1 92 8
0 8 92
0 48 52
0 57 43
1 83 17
0 12 88
1 92 8
0 63 37
0 27 73
1 66 34
0 21 79
0 21 79
1 94 6
1 70 30
1 46 54
0 12 88
1 74 26
0 18 82
1 40 60
0 10 90
0 31 69
1 77 23
1 90 10
1 40 60
1 89 11
1 68 32
0 26 74
0 22 78
1 80 20
1 23 77
0 34 66
1 44 56
0 54 46
1 90 10
1 63 37
1 69 31
1 88 12
1 88 12
0 77 23
1 87 13
0 49 51
0 55 45
1 78 22
0 11 89
1 79 21
1 81 19
1 91 9
0 80 20
0 26 74
0 13 87
1 44 56
1 81 19
1 81 19
1 51 49
1 69 31
0 19 81
0 30 70
1 32 68
1 76 24
1 40 60
1 32 68
0 63 37
0 47 53
1 34 66
1 34 66
1 69 31
1 88 12
0 49 51
1 38 62
0 7 93
1 35 65
1 87 13
0 43 57
1 83 17
1 72 28
1 91 9
1 80 20
1 72 28
0 38 62
1 91 9
0 55 45
1 69 31
0 76 24
1 85 15
0 73 27
1 76 24
1 62 38
1 83 17
0 30 70
1 89 11
1 89 11
1 74 26
1 26 74
0 21 79
0 82 18
1 80 20
1 26 74
1 50 50
0 23 77
1 28 72
1 86 14
1 76 24
1 24 76
1 72 28
0 69 31
1 75 25
1 84 16
1 81 19
1 55 45
1 79 21
1 80 20
1 74 26
0 56 44
0 87 13
1 63 37
0 17 83
1 78 22
1 85 15
1 91 9
0 66 34
1 41 59
0 24 76
0 15 85
1 78 22
1 53 47
1 81 19
1 74 26
0 32 68
1 52 48
1 77 23
1 65 35
0 39 61
1 61 39
0 33 67
1 78 22
0 53 47
1 71 29
0 32 68
1 43 57
0 39 61
0 57 43
1 85 15
1 13 87
1 84 16
0 34 66
1 13 87
1 90 10
1 64 36
0 92 8
0 12 88
0 34 66
1 89 11
1 72 28
1 85 15
1 75 25
1 92 8
1 86 14
0 33 67
1 68 32
1 55 45
1 88 12
1 62 38
0 29 71
0 31 69
0 12 88
1 66 34
1 81 19
1 76 24
1 54 46
1 69 31
1 63 37
0 17 83
1 62 38
1 61 39
0 59 41
0 63 37
1 65 35
0 21 79
1 30 70
1 71 29
0 19 81
1 67 33
1 89 11
1 59 41
1 50 50
0 8 92
1 90 10
1 79 21
1 55 45
0 14 86
1 12 88
0 46 54
1 77 23
1 74 26
0 34 66
0 71 29
0 41 59
0 25 75
1 58 42
1 74 26
0 20 80
0 51 49
1 81 19
1 51 49
1 64 36
1 88 12
0 58 42
1 82 18
0 60 40
1 62 38
0 22 78
1 76 24
1 67 33
1 61 39
0 78 22
0 67 33
1 61 39
0 55 45
1 74 26
1 67 33
0 57 43
1 53 47
1 70 30
1 33 67
0 59 41
1 75 25
1 71 29
0 87 13
0 49 51
0 35 65
0 68 32
1 76 24
1 63 37
1 30 70
0 14 86
1 46 54
1 65 35
0 54 46
0 29 71
0 16 84
1 51 49
0 33 67
0 54 46
0 59 41
0 71 29
1 63 37
1 78 22
1 79 21
0 34 66
1 22 78
1 76 24
1 85 15
1 81 19
1 70 30
1 66 34
0 10 90
0 52 48
0 83 17
1 70 30
0 63 37
0 13 87
1 77 23
1 35 65
1 75 25
0 24 76
0 42 58
0 56 44
0 30 70
1 45 55
0 29 71
1 67 33
0 57 43
1 51 49
0 54 46
0 45 55
1 41 59
0 74 26
1 53 47
1 27 73
0 50 50
1 73 27
1 53 47
1 37 63
0 35 65
1 49 51
1 80 20
1 45 55
0 34 66
0 64 36
0 13 87
1 31 69
1 92 8
0 14 86
0 44 56
0 13 87
0 37 63
1 68 32
0 40 60
0 20 80
0 62 38
1 93 7
1 33 67
0 22 78
0 79 21
0 35 65
1 82 18
1 42 58
1 73 27
0 14 86
1 68 32
1 68 32
0 13 87
0 8 92
0 69 31
0 58 42
0 24 76
1 83 17
0 89 11
1 31 69
1 69 31
1 90 10
1 82 18
0 12 88
1 68 32
1 89 11
0 19 81
0 50 50
1 36 64
0 21 79
1 84 16
1 71 29
1 50 50
0 60 40
0 71 29
1 55 45
1 65 35
1 64 36
0 15 85
0 54 46
0 65 35
0 25 75
0 17 83
0 37 63
0 9 91
1 78 22
1 81 19
0 11 89
1 43 57
0 11 89
1 78 22
1 78 22
0 41 59
0 50 50
1 24 76
1 57 43
1 61 39
1 62 38
1 81 19
1 45 55
1 61 39
1 69 31
1 64 36
0 61 39
0 79 21
0 57 43
0 45 55
0 50 50
1 76 24
1 25 75
1 89 11
0 45 55
1 69 31
1 17 83
1 75 25
0 44 56
1 45 55
1 73 27
1 72 28
1 43 57
1 63 37
0 12 88
1 34 66
0 33 67
0 21 79
0 12 88
1 49 51
1 87 13
0 19 81
0 65 35
1 58 42
1 46 54
1 83 17
0 67 33
0 77 23
0 59 41
1 85 15
1 45 55
1 87 13
0 73 27
0 27 73
0 30 70
0 67 33
1 64 36
1 77 23
0 78 22
0 88 12
0 11 89
1 40 60
1 91 9
1 21 79
1 54 46
1 19 81
0 32 68
0 11 89
1 89 11
1 73 27
1 52 48
0 32 68
1 63 37
1 59 41
0 68 32
1 29 71
0 79 21
1 88 12
1 65 35
1 53 47
0 13 87
1 83 17
0 17 83
0 54 46
1 86 14
1 18 82
1 80 20
0 29 71
0 28 72
1 86 14
0 36 64
1 82 18
1 71 29
0 30 70
0 37 63
0 79 21
0 75 25
1 91 9
1 24 76
1 55 45
0 37 63
0 73 27
0 26 74
1 73 27
0 20 80
1 59 41
0 55 45
1 88 12
1 59 41
1 87 13
1 61 39
1 70 30
1 22 78
0 12 88
1 87 13
0 71 29
0 14 86
0 40 60
1 73 27
1 79 21
0 60 40
1 55 45
0 13 87
0 23 77
1 80 20
1 75 25
1 66 34
0 22 78
1 69 31
0 62 38
0 40 60
1 47 53
0 78 22
0 24 76
1 74 26
1 71 29
1 71 29
1 35 65
0 43 57
0 16 84
0 13 87
1 41 59
1 64 36
0 17 83
0 87 13
1 35 65
1 83 17
1 48 52
1 66 34
0 20 80
0 40 60
0 32 68
1 35 65
1 89 11
0 40 60
1 78 22
0 27 73
1 71 29
0 40 60
0 45 55
1 76 24
1 66 34
0 35 65
0 72 28
0 39 61
1 14 86
0 25 75
0 50 50
0 20 80
1 10 90
0 25 75
1 86 14
1 33 67
1 95 5
1 77 23
0 6 94
0 47 53
0 18 82
1 89 11
1 22 78
1 94 6
0 58 42
1 90 10
0 24 76
0 7 93
0 14 86
0 70 30
1 60 40
1 77 23
1 52 48
0 14 86
0 19 81
0 56 44
0 68 32
0 36 64
0 38 62
0 38 62
1 64 36
1 79 21
0 75 25
1 60 40
1 39 61
0 39 61
0 25 75
1 50 50
0 50 50
1 27 73
1 72 28
0 28 72
0 33 67
1 53 47
0 19 81
0 70 30
0 24 76
1 66 34
1 62 38
0 41 59
0 69 31
1 57 43
1 18 82
1 28 72
0 67 33
0 11 89
0 35 65
1 68 32
1 81 19
0 20 80
0 31 69
0 33 67
0 23 77
1 73 27
0 58 42
0 12 88
0 74 26
0 73 27
0 25 75
0 35 65
0 50 50
1 90 10
1 80 20
0 26 74
0 12 88
1 76 24
0 15 85
0 70 30
1 81 19
1 26 74
1 70 30
1 88 12
0 46 54
1 85 15
0 29 71
0 16 84
0 52 48
0 46 54
1 71 29
1 39 61
1 24 76
0 49 51
0 25 75
1 25 75
0 75 25
1 61 39
1 55 45
1 58 42
1 53 47
1 39 61
0 44 56
1 46 54
0 82 18
1 75 25
1 73 27
1 22 78
0 66 34
0 85 15
0 11 89
1 56 44
0 31 69
1 92 8
1 16 84
0 15 85
0 16 84
1 82 18
0 37 63
0 51 49
1 70 30
0 14 86
0 67 33
1 79 21
0 11 89
1 87 13
0 56 44
1 38 62
1 76 24
0 47 53
0 56 44
1 77 23
0 23 77
0 25 75
0 29 71
0 38 62
1 78 22
0 58 42
1 71 29
1 18 82
0 21 79
1 77 23
1 68 32
1 49 51
1 87 13
0 13 87
1 74 26
1 44 56
0 16 84
1 64 36
0 30 70
0 36 64
1 58 42
0 31 69
1 55 45
1 80 20
1 20 80
1 29 71
1 81 19
0 76 24
0 14 86
1 85 15
0 15 85
1 79 21
1 63 37
1 23 77
1 41 59
1 59 41
0 29 71
1 64 36
0 85 15
0 19 81
0 35 65
1 93 7
1 5 95
1 65 35
0 23 77
1 93 7
1 95 5
1 72 28
0 14 86
0 5 95
1 94 6
0 33 67
1 90 10
1 28 72
1 76 24
0 18 82
1 73 27
1 78 22
0 12 88
0 30 70
0 56 44
0 31 69
0 25 75
1 85 15
0 10 90
0 52 48
0 21 79
0 37 63
0 21 79
0 69 31
1 83 17
1 83 17
0 10 90
0 16 84
1 77 23
0 73 27
0 25 75
1 86 14
0 37 63
0 85 15
0 11 89
1 90 10
0 35 65
0 17 83
0 76 24
0 73 27
0 44 56
1 85 15
0 51 49
0 24 76
1 78 22
0 30 70
1 83 17
1 24 76
1 25 75
1 81 19
1 21 79
1 54 46
1 82 18
0 53 47
1 76 24
1 76 24
1 62 38
1 55 45
0 71 29
0 22 78
0 47 53
0 67 33
1 82 18
0 35 65
0 12 88
1 69 31
0 78 22
0 17 83
0 34 66
0 70 30
0 64 36
0 62 38
0 12 88
0 59 41
0 10 90
0 38 62
1 88 12
1 72 28
0 7 93
0 76 24
0 93 7
0 17 83
1 82 18
0 16 84
1 95 5
1 77 23
0 47 53
0 54 46
0 48 52
1 57 43
0 8 92
0 28 72
1 70 30
1 65 35
0 67 33
0 6 94
0 54 46
0 49 51
1 51 49
1 46 54
1 91 9
0 38 62
1 51 49
0 33 67
1 26 74
1 59 41
1 94 6
1 63 37
0 8 92
0 8 92
1 41 59
1 94 6
0 16 84
1 85 15
0 30 70
1 58 42
0 7 93
1 81 19
0 16 84
1 93 7
1 84 16
1 89 11
0 24 76
1 82 18
1 87 13
0 16 84
1 79 21
0 21 79
0 21 79
1 30 70
1 37 63
1 92 8
1 91 9
1 68 32
0 40 60
1 79 21
0 31 69
1 40 60
0 73 27
0 14 86
1 55 45
1 46 54
0 49 51
1 76 24
1 15 85
0 70 30
0 62 38
0 30 70
0 11 89
1 38 62
1 30 70
0 42 58
1 61 39
1 58 42
0 88 12
1 76 24
1 75 25
1 40 60
1 61 39
0 18 82
1 92 8
0 17 83
1 94 6
0 14 86
1 76 24
1 81 19
0 10 90
1 85 15
1 37 63
1 66 34
1 57 43
1 88 12
0 53 47
0 9 91
0 38 62
0 83 17
0 40 60
1 60 40
1 27 73
1 78 22
1 72 28
1 70 30
0 33 67
1 24 76
0 22 78
1 53 47
1 82 18
0 46 54
1 48 52
0 56 44
1 69 31
0 43 57
1 21 79
0 90 10
0 37 63
0 13 87
1 21 79
1 95 5
0 6 94
1 88 12
1 81 19
0 18 82
1 83 17
1 73 27
0 66 34
1 75 25
1 72 28
0 44 56
0 19 81
1 80 20
0 47 53
0 45 55
1 12 88
1 40 60
0 52 48
1 71 29
0 78 22
0 27 73
1 52 48
1 91 9
0 79 21
1 88 12
0 23 77
0 10 90
1 92 8
0 48 52
0 22 78
1 63 37
1 90 10
1 39 61
1 67 33
1 19 81
1 73 27
1 60 40
0 15 85
1 52 48
0 17 83
0 83 17
0 46 54
1 75 25
0 54 46
1 74 26
0 22 78
1 8 92
1 93 7
0 4 96
1 77 23
0 7 93
0 78 22
0 4 96
1 71 29
0 38 62
0 6 94
1 60 40
0 32 68
1 23 77
1 80 20
0 11 89
0 24 76
0 46 54
0 35 65
1 68 32
1 67 33
0 14 86
1 83 17
1 63 37
1 21 79
0 12 88
1 76 24
0 27 73
0 43 57
0 38 62
0 28 72
1 64 36
0 68 32
1 68 32
0 73 27
0 36 64
0 45 55
0 82 18
1 62 38
1 85 15
1 81 19
1 79 21
1 69 31
0 16 84
1 84 16
0 7 93
1 85 15
0 13 87
0 8 92
0 5 95
0 63 37
1 92 8
1 88 12
0 4 96
1 18 82
0 9 91
1 72 28
1 94 6
1 87 13
1 77 23
1 87 13
1 85 15
0 20 80
0 13 87
0 47 53
0 25 75
1 79 21
1 84 16
0 26 74
0 26 74
0 41 59
1 61 39
1 46 54
0 28 72
1 50 50
1 75 25
1 24 76
0 49 51
1 51 49
0 52 48
0 43 57
1 14 86
0 36 64
1 32 68
1 72 28
1 28 72
1 51 49
1 77 23
0 48 52
0 58 42
0 25 75
0 84 16
0 83 17
1 76 24
1 86 14
0 15 85
1 79 21
0 54 46
0 36 64
0 26 74
1 25 75
0 66 34
0 37 63
0 31 69
1 8 92
1 94 6
1 81 19
1 91 9
0 12 88
1 77 23
1 79 21
1 64 36
1 69 31
1 64 36
0 57 43
1 40 60
1 9 91
1 60 40
1 15 85
1 89 11
1 69 31
0 40 60
0 10 90
1 47 53
1 84 16
1 73 27
1 36 64
1 67 33
1 37 63
0 23 77
0 77 23
0 11 89
1 81 19
0 30 70
0 26 74
1 53 47
1 47 53
1 19 81
1 75 25
0 87 13
1 41 59
1 91 9
1 25 75
1 72 28
1 77 23
1 23 77
1 14 86
1 35 65
1 9 91
1 58 42
1 29 71
1 51 49
1 94 6
1 30 70
1 75 25
1 12 88
1 20 80
0 38 62
1 87 13
1 28 72
0 35 65
1 62 38
1 68 32
1 37 63
1 86 14
1 86 14
0 7 93
1 42 58
0 33 67
0 11 89
1 91 9
0 88 12
1 54 46
0 10 90
1 92 8
1 36 64
0 7 93
0 15 85
1 71 29
1 84 16
0 28 72
0 15 85
1 80 20
1 94 6
1 91 9
1 27 73
1 39 61
1 92 8
1 70 30
1 51 49
0 43 57
0 16 84
0 73 27
1 75 25
1 73 27
1 75 25
1 79 21
1 68 32
0 36 64
1 40 60
1 25 75
1 40 60
0 83 17
1 22 78
1 80 20
0 30 70
1 47 53
0 77 23
1 48 52
1 67 33
1 36 64
0 28 72
1 74 26
1 29 71
0 68 32
1 91 9
0 44 56
1 44 56
1 89 11
1 84 16
1 84 16
0 30 70
0 38 62
1 93 7
1 55 45
1 70 30
1 68 32
1 61 39
1 56 44
1 68 32
1 62 38
0 16 84
1 70 30
0 42 58
1 69 31
1 26 74
0 91 9
0 16 84
0 62 38
1 76 24
1 67 33
0 88 12
1 74 26
0 42 58
1 86 14
0 40 60
0 10 90
1 78 22
0 62 38
0 30 70
1 92 8
0 21 79
0 31 69
0 88 12
1 88 13
0 87 13
0 31 69
1 92 8
1 45 55
0 8 92
1 89 11
0 86 14
0 55 45
1 81 19
0 68 32
0 54 46
0 34 66
1 68 32
0 14 86
1 90 10
0 9 91
0 14 86
0 64 36
1 64 36
1 63 38
0 37 63
0 50 50
1 85 15
1 66 34
0 86 14
1 92 8
1 72 28
0 39 61
1 69 31
0 71 29
0 19 81
1 90 10
1 83 17
1 27 73
0 18 82
1 38 63
1 78 22
1 52 48
1 29 71
0 24 76
0 31 69
0 81 19
0 40 60
1 80 20
1 68 32
1 63 37
1 87 13
1 22 78
0 15 85
0 12 88
0 33 67
1 85 15
0 40 60
0 13 87
1 72 28
0 50 50
0 59 41
1 70 30
0 49 51
0 54 46
1 28 72
0 71 29
1 31 69
0 56 44
0 27 73
1 81 19
1 52 48
0 53 47
0 24 77
1 32 68
1 18 82
1 93 7
1 67 33
0 30 70
0 7 93
0 68 32
1 91 9
1 19 81
1 75 25
0 11 89
0 30 70
1 47 53
1 84 16
0 21 79
1 41 59
1 37 63
0 28 72
1 81 19
1 86 14
1 60 40
1 82 18
1 62 38
1 82 18
1 38 62
1 88 12
0 43 57
0 28 72
0 20 80
1 71 29
0 61 39
1 60 40
1 60 40
1 72 28
0 25 75
1 40 60
1 23 77
1 23 77
0 25 75
1 64 36
1 87 13
1 80 20
1 58 42
1 32 68
0 14 86
1 36 64
1 71 29
1 93 8
0 85 15
0 33 67
1 52 48
0 73 27
1 52 48
