1.32032 0.295856 0.669967
1.31612 0.300013 0.654494
1.30581 0.307548 0.637181
1.30002 0.294276 0.611594
1.2987 0.280561 0.656198
1.29503 0.357641 0.578014
1.29352 0.301876 0.652542
1.29261 0.307969 0.629187
1.29185 0.316356 0.613692
1.28792 0.27183 0.683673
1.2822 0.307484 0.609836
1.27807 0.301108 0.654779
1.27772 0.302625 0.653791
1.27478 0.318557 0.620758
1.26478 0.277826 0.649867
1.26085 0.311386 0.64377
1.25953 0.278995 0.676667
1.2595 0.273974 0.681661
1.25796 0.275205 0.699531
1.2475 0.274133 0.700935
1.24411 0.331173 0.633333
1.2432 0.263962 0.676768
1.24279 0.284589 0.670554
1.24196 0.289347 0.670588
1.24062 0.268118 0.683168
1.23997 0.328205 0.605911
1.23776 0.266558 0.697531
1.2368 0.314293 0.630252
1.2346 0.329284 0.635762
1.23421 0.314739 0.627043
1.2336 0.335903 0.62406
1.2294 0.312756 0.637807
1.22369 0.302288 0.628752
1.22304 0.26655 0.714286
1.2192 0.244973 0.737374
1.21738 0.2482 0.717213
1.21415 0.304166 0.644357
1.21179 0.314934 0.642089
1.21179 0.310225 0.643759
1.21014 0.277726 0.672065
1.20856 0.286991 0.648501
1.20164 0.264036 0.716981
1.20157 0.264036 0.716981
1.20128 0.264036 0.716981
1.18753 0.340864 0.605327
1.18578 0.267839 0.621118
1.18238 0.286414 0.681199
1.17867 0.370805 0.583113
1.17867 0.367712 0.584299
1.17832 0.314873 0.64191
1.17755 0.3216 0.634561
1.17682 0.368468 0.582538
1.17434 0.373941 0.578873
1.17411 0.367297 0.584082
1.17171 0.279605 0.629371
1.17043 0.207317 0.784314
1.16762 0.379795 0.555556
1.16632 0.312895 0.642241
1.16606 0.287887 0.680272
1.16159 0.305431 0.639535
1.15997 0.307133 0.641509
1.15967 0.320257 0.540984
1.15662 0.358989 0.573585
1.15548 0.366218 0.52
1.15465 0.34836 0.601449
1.15392 0.340591 0.625202
1.15389 0.296771 0.669856
1.14713 0.30975 0.656934
1.14701 0.30975 0.656934
1.14637 0.30975 0.656934
1.14342 0.347893 0.619697
1.14165 0.292946 0.663636
1.1398 0.337791 0.590643
1.13936 0.337767 0.568966
1.13759 0.237803 0.745098
1.13732 0.237803 0.745098
1.13704 0.326906 0.61553
1.13692 0.237803 0.745098
1.13692 0.237803 0.745098
1.13621 0.256167 0.69697
1.13176 0.340743 0.624
1.13136 0.328757 0.640078
1.13117 0.33913 0.624611
1.12576 0.193744 0.782609
1.11376 0.265662 0.645455
1.11357 0.279945 0.639344
1.10044 0.307919 0.617512
1.0993 0.328451 0.602094
1.09027 0.298808 0.644338
1.08967 0.318559 0.62623
1.08922 0.333041 0.552553
1.08217 0.305718 0.615023
1.07718 0.307396 0.650316
1.07209 0.343453 0.600619
1.06516 0.318538 0.620482
1.06496 0.391952 0.534884
1.06023 0.315848 0.624633
1.05955 0.391952 0.534884
1.05767 0.319382 0.618182
1.05586 0.328406 0.617747
1.05432 0.310271 0.614379
1.04864 0.284137 0.656347
1.04862 0.301586 0.633333
1.04774 0.310986 0.630485
1.04653 0.311023 0.627083
1.04542 0.306969 0.634259
1.04319 0.310484 0.635514
1.04239 0.315546 0.621118
1.04092 0.335719 0.607407
1.04017 0.321675 0.62013
1.03759 0.270617 0.671233
1.03584 0.335719 0.607407
1.03562 0.284914 0.65528
1.02929 0.311187 0.614706
1.02592 0.331168 0.601227
1.02572 0.326606 0.611465
1.02413 0.359437 0.469388
1.01055 0.28658 0.628571
1.00925 0.303594 0.625
1.00591 0.304238 0.642857
1.00513 0.319367 0.627586
1.00162 0.301361 0.702703
0.996348 0.312921 0.625
0.996035 0.287831 0.635468
0.99527 0.333901 0.606436
0.994958 0.348074 0.595395
0.989838 0.346089 0.605991
0.983599 0.287305 0.647887
0.982055 0.30945 0.616114
0.979673 0.304603 0.626459
0.979524 0.310505 0.615385
0.975163 0.355119 0.610526
0.971901 0.287204 0.64557
0.971854 0.311385 0.621951
0.971744 0.340003 0.591398
0.969187 0.325591 0.619802
0.9688 0.269257 0.666667
0.964892 0.323918 0.616949
0.956265 0.321628 0.615385
0.955731 0.32651 0.618557
0.955653 0.359966 0.590476
0.952088 0.347641 0.606977
0.951864 0.342442 0.568627
0.949024 0.290753 0.6125
0.943917 0.28565 0.662132
0.943659 0.331797 0.613445
0.935628 0.325265 0.605263
0.930784 0.254456 0.659004
0.925648 0.357491 0.584746
0.924704 0.404992 0.54717
0.92167 0.322474 0.570652
0.920521 0.307901 0.620853
0.915336 0.310161 0.60396
0.910824 0.312902 0.672355
0.909934 0.347852 0.605568
0.909746 0.265049 0.677551
0.908137 0.24768 0.666667
0.903902 0.192973 0.747126
0.903491 0.347641 0.606977
0.899248 0.255027 0.632184
0.897915 0.249086 0.6787
0.895538 0.258116 0.689655
0.895077 0.307415 0.58371
0.890768 0.254085 0.696721
0.889839 0.31575 0.635294
0.888953 0.308962 0.628141
0.888844 0.321842 0.578652
0.88404 0.306355 0.593023
0.879728 0.288265 0.662651
0.876418 0.285927 0.664474
0.876295 0.330049 0.505618
0.873066 0.312452 0.556962
0.869941 0.276076 0.67474
0.865959 0.269428 0.677824
0.863877 0.278441 0.595238
0.861903 0.32687 0.620155
0.861567 0.335882 0.572816
0.861285 0.296676 0.631579
0.86105 0.300516 0.597826
0.859759 0.302865 0.631206
0.85521 0.336012 0.55102
0.853343 0.238999 0.670588
0.849898 0.217281 0.696203
0.848299 0.330735 0.655172
0.846532 0.268979 0.685185
0.844807 0.254506 0.711538
0.844121 0.294623 0.642857
0.841252 0.338613 0.644444
0.838485 0.291554 0.64486
0.836624 0.252199 0.709677
0.836545 0.351333 0.571429
0.834459 0.265695 0.663265
0.834421 0.323673 0.659341
0.831959 0.351333 0.571429
0.830322 0.282856 0.665644
0.829836 0.259339 0.645161
0.827145 0.255776 0.652439
0.825354 0.276353 0.676647
0.821897 0.231276 0.702128
0.815815 0.251416 0.632184
0.811165 0.365584 0.560976
0.80375 0.304513 0.631579
0.801115 0.332101 0.61194
0.798486 0.257172 0.681102
0.798188 0.348272 0.571429
0.797482 0.268811 0.674074
0.794672 0.266835 0.676471
0.793966 0.298039 0.660656
0.793653 0.281466 0.67426
0.791277 0.311953 0.635983
0.789075 0.264887 0.678832
0.78903 0.264887 0.678832
0.788955 0.266835 0.676471
0.782569 0.324952 0.625
0.781724 0.294134 0.64539
0.779273 0.289132 0.661017
0.777176 0.229072 0.75
0.777022 0.390199 0.5
0.776253 0.240705 0.700935
0.775929 0.357716 0.647059
0.773579 0.284665 0.680328
0.771701 0.229865 0.735714
0.770628 0.327717 0.555556
0.770064 0.272155 0.672269
0.769599 0.391988 0.487805
0.769211 0.246034 0.71
0.76643 0.223746 0.756757
0.766108 0.205233 0.763636
0.765866 0.361464 0.575758
0.761871 0.320381 0.624113
0.761764 0.287681 0.652941
0.760402 0.24357 0.666667
0.760217 0.205233 0.763636
0.760123 0.282261 0.669014
0.760096 0.322728 0.621514
0.756035 0.305178 0.640884
0.755744 0.29059 0.666667
0.75509 0.372639 0.584416
0.753204 0.305749 0.648352
0.752451 0.290346 0.655
0.750868 0.27857 0.597015
0.748205 0.352298 0.599407
0.746043 0.331403 0.617647
0.745974 0.207955 0.672727
0.744821 0.241271 0.611111
0.744329 0.268381 0.590909
0.741884 0.308811 0.625806
0.741787 0.316694 0.589286
0.740532 0.308887 0.640693
0.740298 0.240511 0.712644
0.739419 0.285936 0.658879
0.738084 0.299942 0.644578
0.734262 0.274981 0.649718
0.733359 0.311415 0.660714
0.731199 0.324242 0.583333
0.729787 0.312208 0.628415
0.727895 0.288223 0.585366
0.725135 0.287859 0.643411
0.724466 0.26689 0.626984
0.723375 0.315455 0.592593
0.721428 0.209655 0.7
0.720966 0.300277 0.618182
0.720378 0.270333 0.709677
0.720304 0.354032 0.590909
0.719346 0.257934 0.727273
0.711908 0.297169 0.679245
0.711248 0.323832 0.62963
0.708442 0.292562 0.653061
0.707777 0.238355 0.681818
0.700902 0.303691 0.564103
0.698816 0.255156 0.693333
0.698476 0.30469 0.527027
0.698117 0.284926 0.627907
0.697421 0.161597 0.846154
0.695524 0.242533 0.727273
0.694682 0.276396 0.620253
0.693988 0.258235 0.699422
0.693843 0.394195 0.575758
0.692051 0.332342 0.62963
0.689572 0.323653 0.616541
0.689322 0.231198 0.699029
0.688196 0.315034 0.557692
0.68689 0.222448 0.74
0.682162 0.271206 0.681818
0.680391 0.313427 0.635036
0.67993 0.419107 0.483871
0.675821 0.229104 0.744681
0.67456 0.315732 0.632353
0.673972 0.218504 0.717391
0.669294 0.229503 0.742857
0.661004 0.326934 0.645833
0.656043 0.233291 0.684848
0.654227 0.350682 0.538462
0.647642 0.245112 0.70339
0.647183 0.207827 0.738739
0.646513 0.337707 0.614035
0.645732 0.287628 0.66
0.642328 0.287917 0.679487
0.641767 0.242061 0.726496
0.641547 0.204829 0.714286
0.63975 0.28637 0.69697
0.639644 0.252014 0.718519
0.639335 0.187584 0.688889
0.632437 0.135988 0.875
0.632298 0.287865 0.654321
0.630782 0.259596 0.64557
0.621323 0.275291 0.677778
0.620696 0.247306 0.529412
0.620345 0.289587 0.587719
0.61763 0.143932 0.836364
0.616806 0.255981 0.608108
0.614723 0.365574 0.52381
0.612568 0.31778 0.62
0.60809 0.258515 0.696721
0.607586 0.243989 0.702479
0.602455 0.148517 0.795455
0.598875 0.339182 0.586957
0.59799 0.264123 0.666667
0.596618 0.285038 0.666667
0.595846 0.305765 0.5625
0.589615 0.22767 0.695238
0.588992 0.299113 0.66242
0.587353 0.0726338 0.948718
0.583862 0.189638 0.791667
0.578782 0.267756 0.6875
0.578016 0.239828 0.682292
0.577912 0.229254 0.763158
0.577323 0.25721 0.68
0.577302 0.292684 0.669173
0.575511 0.269268 0.66129
0.574849 0.312543 0.666667
0.57173 0.255052 0.708333
0.571491 0.302783 0.627451
0.570733 0.229869 0.730159
0.566473 0.303498 0.653846
0.557602 0.273446 0.7
0.553922 0.270317 0.683673
0.552186 0.266283 0.648649
0.547992 0.267787 0.679245
0.547679 0.241788 0.714286
0.544532 0.311853 0.615385
0.527051 0.306051 0.648352
0.526387 0.297852 0.596154
0.522895 0.277667 0.672727
0.521701 0.3327 0.627907
0.519592 0.339069 0.6
0.517654 0.247276 0.714286
0.517151 0.202322 0.716418
0.514983 0.262288 0.714286
0.514824 0.263085 0.704545
0.506668 0.250687 0.723684
0.504702 0.24377 0.729167
0.502899 0.317978 0.640625
0.492675 0.283634 0.688889
0.487826 0.265886 0.692308
0.487717 0.24268 0.733333
0.485195 0.287222 0.690909
0.473086 0.246333 0.694444
0.469156 0.260153 0.683938
0.468719 0.259388 0.735849
0.467711 0.201076 0.754386
0.46577 0.211893 0.746667
0.465039 0.220945 0.757576
0.462464 0.265502 0.714286
0.4508 0.248176 0.717391
0.441323 0.266735 0.684211
0.43953 0.255965 0.695652
0.434888 0.209072 0.761905
0.43334 0.154517 0.84375
0.426989 0.242146 0.634146
0.422745 0.125962 0.870968
0.417628 0.212231 0.77686
0.413393 0.208351 0.767442
0.407766 0.146465 0.837209
0.389718 0.171338 0.807692
0.383186 0.240807 0.6875
0.371629 0.182906 0.789474
0.370655 0.284685 0.648649
0.349389 0.169734 0.820513
0.347308 0.311338 0.642857
0.340628 0.173887 0.816327
0.317081 0.146291 0.833333
0.313054 0.259399 0.59375
0.298252 0.184424 0.8
